pygmi/test/dtm.asc
ncols 			232
nrows 			481
xllcorner 			-20187.5000000001
yllcorner 			-2823315.0
cellsize 			125.0
nodata_value 		1e+20
[rows 96 to 127 of 481, columns 0 to 72 of 232]
1e+20 1e+20 1e+20 1e+20 1e+20 1e+20 1e+20 1e+20 1e+20 1e+20 1e+20 1e+20 1e+20 1e+20 1e+20 1e+20 1e+20 1e+20 1e+20 1e+20 1106.09 1105.79 1105.86 1105.93 1105.8 1105.5 1104.67 1104.53 1104.87 1103.73 1102.38 1100.75 1099.95 1099.03 1098.21 1097.5 1096.34 1095.44 1095.53 1095.44 1094.89 1094.25 1093.32 1092.61 1092.22 1091.27 1090.77 1091.56 1092.07 1093.15 1094.59 1095.89 1096.06 1098.29 1098.27 1098.42 1098.89 1099.46 1099.47 1100.58 1100.75 1100.63 1100.38 1099.0 1097.52 1096.47 1094.74 1093.13 1093.07 1092.81 1093.63 1094.21 1098.19
1e+20 1e+20 1e+20 1e+20 1e+20 1e+20 1e+20 1e+20 1e+20 1e+20 1e+20 1e+20 1e+20 1e+20 1e+20 1e+20 1e+20 1e+20 1e+20 1e+20 1105.5 1104.15 1105.5 1106.67 1106.63 1106.67 1105.54 1104.03 1104.45 1104.26 1103.68 1102.61 1101.5 1100.28 1099.5 1098.86 1098.51 1096.38 1095.11 1094.68 1094.64 1094.42 1094.05 1093.62 1092.57 1091.12 1089.94 1090.01 1089.97 1091.34 1092.66 1094.11 1093.96 1095.37 1095.47 1095.46 1095.2 1095.84 1096.01 1096.75 1096.85 1096.64 1096.94 1096.55 1095.1 1092.99 1090.93 1090.22 1088.62 1086.88 1086.36 1086.75 1087.57
1e+20 1e+20 1e+20 1e+20 1e+20 1e+20 1e+20 1e+20 1e+20 1e+20 1e+20 1e+20 1e+20 1e+20 1e+20 1e+20 1e+20 1e+20 1e+20 1e+20 1106.05 1104.69 1104.17 1105.37 1106.65 1107.44 1106.81 1105.1 1104.59 1104.44 1103.86 1103.19 1102.28 1101.32 1100.35 1099.54 1098.54 1097.29 1096.32 1095.42 1094.82 1094.23 1094.75 1094.64 1093.47 1091.42 1089.38 1088.37 1088.14 1089.25 1090.26 1090.86 1091.14 1092.29 1092.41 1092.59 1092.7 1091.91 1091.52 1092.53 1092.74 1092.47 1092.4 1092.72 1092.11 1089.83 1088.37 1087.5 1085.42 1083.3 1081.36 1080.73 1081.0
1e+20 1e+20 1e+20 1e+20 1e+20 1e+20 1e+20 1e+20 1e+20 1e+20 1e+20 1e+20 1e+20 1e+20 1e+20 1e+20 1e+20 1e+20 1e+20 1e+20 1107.46 1106.57 1104.77 1104.77 1106.21 1106.66 1106.46 1105.48 1105.11 1104.56 1103.4 1102.74 1102.13 1101.99 1101.57 1100.39 1098.27 1097.33 1096.72 1096.08 1095.04 1094.91 1095.09 1093.2 1092.72 1091.29 1089.56 1088.19 1086.6 1086.98 1087.32 1087.65 1088.73 1089.13 1089.01 1089.2 1089.19 1088.22 1088.21 1089.42 1089.45 1089.51 1089.38 1088.92 1087.71 1086.74 1085.5 1083.86 1082.16 1080.87 1078.36 1076.95 1076.2
1e+20 1e+20 1e+20 1e+20 1e+20 1e+20 1e+20 1e+20 1e+20 1e+20 1e+20 1e+20 1e+20 1e+20 1e+20 1e+20 1e+20 1e+20 1e+20 1e+20 1108.13 1107.97 1106.24 1105.71 1105.91 1106.15 1105.89 1105.7 1105.33 1104.05 1102.78 1102.25 1101.64 1101.6 1101.24 1100.22 1099.27 1098.16 1097.53 1096.81 1095.51 1094.92 1094.33 1092.52 1091.55 1089.78 1088.74 1087.81 1085.99 1085.26 1084.7 1085.2 1085.95 1086.36 1086.24 1086.45 1086.64 1086.3 1085.65 1085.76 1086.32 1086.83 1086.43 1085.87 1084.27 1083.74 1082.74 1081.31 1079.37 1078.08 1076.13 1074.66 1073.07
1e+20 1e+20 1e+20 1e+20 1e+20 1e+20 1e+20 1e+20 1e+20 1e+20 1e+20 1e+20 1e+20 1e+20 1e+20 1e+20 1e+20 1e+20 1e+20 1e+20 1108.06 1109.38 1107.97 1106.92 1105.8 1105.51 1105.2 1105.26 1104.6 1103.27 1101.85 1101.83 1101.78 1101.36 1100.5 1099.89 1100.34 1099.34 1099.09 1098.33 1096.9 1095.32 1094.3 1092.53 1090.82 1087.73 1086.57 1085.87 1084.73 1083.85 1083.26 1083.49 1083.72 1084.03 1083.92 1084.27 1084.49 1084.35 1084.03 1083.6 1083.87 1084.23 1084.69 1084.28 1082.7 1081.11 1080.18 1079.02 1077.71 1076.35 1074.47 1072.81 1070.86
1e+20 1e+20 1e+20 1e+20 1e+20 1e+20 1e+20 1e+20 1e+20 1e+20 1e+20 1e+20 1e+20 1e+20 1e+20 1e+20 1e+20 1e+20 1e+20 1e+20 1106.5 1108.14 1108.5 1107.88 1106.25 1104.97 1103.91 1103.7 1103.72 1102.37 1101.14 1101.49 1102.52 1102.01 1100.46 1098.8 1099.27 1099.26 1100.34 1099.36 1097.82 1095.82 1094.22 1092.43 1090.28 1087.71 1085.99 1085.27 1084.07 1082.91 1081.98 1081.87 1081.81 1082.36 1082.82 1083.34 1082.99 1082.59 1082.4 1082.79 1082.57 1082.19 1081.03 1081.51 1080.03 1078.24 1077.66 1076.69 1076.05 1074.86 1073.12 1071.37 1069.01
1e+20 1e+20 1e+20 1e+20 1e+20 1e+20 1e+20 1e+20 1e+20 1e+20 1e+20 1e+20 1e+20 1e+20 1e+20 1e+20 1e+20 1e+20 1e+20 1e+20 1106.66 1107.21 1107.01 1106.29 1105.35 1103.85 1102.65 1102.01 1102.2 1101.11 1099.87 1100.2 1101.42 1101.8 1101.05 1099.28 1097.62 1097.51 1099.05 1098.69 1097.93 1096.16 1093.77 1091.4 1089.12 1087.16 1085.45 1084.28 1083.07 1082.02 1081.08 1080.68 1080.27 1080.88 1081.43 1081.9 1081.67 1080.77 1080.08 1080.11 1080.24 1080.12 1079.48 1079.9 1078.49 1077.28 1075.57 1074.01 1073.47 1072.88 1071.28 1069.3 1066.53
1e+20 1e+20 1e+20 1e+20 1e+20 1e+20 1e+20 1e+20 1e+20 1e+20 1e+20 1e+20 1e+20 1e+20 1e+20 1e+20 1e+20 1e+20 1e+20 1107.69 1108.12 1108.15 1106.49 1104.4 1103.56 1102.48 1101.58 1100.78 1100.77 1100.08 1099.18 1099.81 1100.2 1100.55 1100.48 1099.75 1097.34 1096.52 1098.13 1097.92 1097.45 1096.29 1094.05 1090.99 1087.96 1086.0 1084.69 1083.59 1082.95 1081.68 1080.26 1079.22 1078.92 1079.25 1078.85 1079.93 1080.46 1079.96 1078.55 1077.37 1076.96 1077.25 1076.9 1077.05 1076.51 1076.32 1074.02 1071.94 1070.81 1070.38 1069.55 1067.79 1065.47
1e+20 1e+20 1e+20 1e+20 1e+20 1e+20 1e+20 1e+20 1e+20 1e+20 1e+20 1e+20 1e+20 1e+20 1e+20 1e+20 1e+20 1e+20 1e+20 1108.73 1109.92 1110.46 1108.7 1106.41 1104.21 1102.38 1101.13 1100.05 1099.99 1098.93 1097.53 1097.96 1098.99 1099.79 1099.28 1097.76 1096.14 1095.34 1095.59 1095.6 1095.44 1094.72 1093.19 1090.45 1087.74 1085.38 1083.9 1083.08 1082.75 1081.73 1080.06 1078.52 1077.83 1077.59 1076.84 1077.28 1077.89 1078.66 1077.76 1076.31 1075.39 1075.52 1074.68 1073.86 1072.96 1071.86 1070.5 1069.46 1068.35 1067.74 1067.51 1065.67 1063.39
1e+20 1e+20 1e+20 1e+20 1e+20 1e+20 1e+20 1e+20 1e+20 1e+20 1e+20 1e+20 1e+20 1e+20 1e+20 1e+20 1e+20 1e+20 1108.3 1108.85 1110.32 1110.45 1109.44 1108.47 1106.18 1104.13 1101.99 1100.48 1099.98 1098.52 1096.7 1096.28 1097.31 1098.09 1097.51 1095.23 1094.54 1093.82 1092.82 1092.85 1092.72 1091.89 1090.37 1088.76 1087.2 1085.01 1083.15 1082.32 1081.97 1081.15 1079.95 1078.77 1077.69 1076.89 1075.73 1075.11 1074.86 1076.18 1076.09 1075.16 1074.54 1073.74 1072.46 1070.74 1069.28 1067.96 1067.17 1066.59 1065.72 1064.8 1063.78 1062.19 1059.87
1e+20 1e+20 1e+20 1e+20 1e+20 1e+20 1e+20 1e+20 1e+20 1e+20 1e+20 1e+20 1e+20 1e+20 1e+20 1e+20 1e+20 1e+20 1108.26 1108.3 1108.95 1109.28 1108.61 1107.66 1106.56 1105.66 1102.85 1100.61 1099.67 1098.0 1095.86 1094.17 1094.68 1095.77 1095.73 1093.99 1093.04 1091.77 1090.48 1089.98 1089.46 1088.72 1087.78 1086.52 1085.4 1084.24 1082.68 1081.92 1081.14 1080.06 1079.24 1078.16 1076.97 1075.64 1074.64 1074.29 1073.57 1073.61 1073.59 1072.81 1072.71 1072.19 1070.91 1068.73 1066.92 1065.5 1064.84 1064.14 1062.75 1061.94 1060.52 1059.27 1057.6
1e+20 1e+20 1e+20 1e+20 1e+20 1e+20 1e+20 1e+20 1e+20 1e+20 1e+20 1e+20 1e+20 1e+20 1e+20 1e+20 1e+20 1e+20 1108.18 1107.37 1107.28 1107.93 1107.33 1105.56 1104.14 1103.55 1101.96 1100.01 1098.61 1097.6 1096.04 1094.0 1092.72 1092.88 1093.01 1091.91 1090.98 1089.82 1088.48 1088.09 1087.22 1086.16 1085.57 1084.76 1083.73 1082.65 1081.72 1081.06 1080.24 1079.25 1078.43 1077.0 1075.74 1074.2 1072.88 1072.19 1071.71 1071.23 1071.43 1070.73 1070.32 1069.92 1069.96 1068.26 1066.96 1065.03 1063.54 1062.45 1061.09 1060.51 1060.08 1059.58 1057.45
1e+20 1e+20 1e+20 1e+20 1e+20 1e+20 1e+20 1e+20 1e+20 1e+20 1e+20 1e+20 1e+20 1e+20 1e+20 1e+20 1e+20 1e+20 1108.65 1106.97 1106.54 1106.17 1105.17 1104.86 1103.53 1102.39 1101.17 1099.48 1097.92 1096.86 1095.9 1094.61 1093.03 1091.31 1091.17 1090.21 1089.58 1088.88 1087.61 1086.87 1086.07 1084.89 1084.0 1083.49 1082.7 1081.73 1080.79 1079.98 1078.83 1077.9 1077.08 1075.98 1074.66 1072.32 1072.08 1071.19 1071.11 1070.94 1071.2 1070.31 1069.24 1068.21 1069.3 1069.02 1068.79 1067.09 1064.67 1062.99 1062.0 1061.36 1060.71 1059.78 1058.06
1e+20 1e+20 1e+20 1e+20 1e+20 1e+20 1e+20 1e+20 1e+20 1e+20 1e+20 1e+20 1e+20 1e+20 1e+20 1e+20 1e+20 1e+20 1110.08 1108.74 1106.31 1104.23 1103.9 1104.34 1103.32 1102.26 1101.02 1099.41 1097.55 1096.17 1095.08 1094.77 1094.42 1089.72 1088.76 1088.07 1087.36 1086.45 1085.92 1085.49 1084.58 1083.73 1082.37 1081.91 1081.74 1081.13 1080.1 1078.64 1077.19 1076.25 1075.61 1075.16 1074.71 1073.46 1074.59 1073.57 1072.4 1072.15 1071.97 1071.74 1070.88 1070.07 1070.06 1069.4 1069.32 1068.79 1066.5 1064.39 1063.13 1062.26 1062.01 1061.51 1059.89
1e+20 1e+20 1e+20 1e+20 1e+20 1e+20 1e+20 1e+20 1e+20 1e+20 1e+20 1e+20 1e+20 1e+20 1e+20 1e+20 1e+20 1e+20 1109.45 1109.01 1106.02 1103.61 1102.92 1103.25 1102.26 1101.45 1099.75 1098.36 1096.72 1095.19 1094.53 1093.49 1092.49 1089.55 1087.62 1086.06 1085.13 1084.08 1084.29 1084.05 1083.16 1082.63 1081.63 1080.86 1081.16 1080.25 1079.72 1078.19 1076.86 1075.95 1075.86 1076.5 1077.29 1077.4 1077.82 1077.0 1075.4 1073.88 1073.07 1072.89 1072.37 1072.33 1072.12 1070.77 1069.38 1068.77 1067.06 1065.32 1064.41 1063.53 1063.75 1064.18 1061.21
1e+20 1e+20 1e+20 1e+20 1e+20 1e+20 1e+20 1e+20 1e+20 1e+20 1e+20 1e+20 1e+20 1e+20 1e+20 1e+20 1e+20 1e+20 1107.44 1107.08 1105.25 1103.58 1102.47 1101.94 1100.29 1099.45 1098.32 1097.19 1096.34 1095.13 1094.86 1093.54 1092.31 1090.55 1088.43 1086.72 1085.39 1084.36 1084.49 1083.96 1083.5 1083.22 1082.52 1080.93 1080.22 1079.05 1079.17 1078.52 1077.77 1077.84 1078.24 1078.86 1080.12 1080.77 1080.45 1079.5 1077.94 1076.23 1075.02 1074.6 1073.77 1073.22 1073.09 1071.7 1069.62 1068.32 1066.84 1065.87 1065.12 1064.65 1064.9 1065.05 1061.48
1e+20 1e+20 1e+20 1e+20 1e+20 1e+20 1e+20 1e+20 1e+20 1e+20 1e+20 1e+20 1e+20 1e+20 1e+20 1e+20 1e+20 1e+20 1106.98 1106.1 1105.06 1103.59 1101.94 1100.79 1099.3 1098.55 1098.39 1098.18 1097.54 1096.58 1095.77 1094.33 1093.45 1092.34 1090.39 1089.18 1087.58 1085.56 1084.79 1084.12 1083.66 1083.04 1082.32 1080.45 1079.48 1079.8 1080.37 1080.53 1080.84 1080.87 1080.86 1081.64 1083.04 1083.02 1082.6 1081.34 1079.56 1078.21 1077.25 1076.4 1075.04 1073.51 1072.2 1070.97 1069.54 1067.96 1067.28 1066.6 1065.98 1065.22 1064.67 1063.09 1060.67
1e+20 1e+20 1e+20 1e+20 1e+20 1e+20 1e+20 1e+20 1e+20 1e+20 1e+20 1e+20 1e+20 1e+20 1e+20 1e+20 1e+20 1e+20 1106.28 1105.23 1104.26 1103.08 1101.66 1100.6 1099.21 1099.02 1099.64 1100.0 1098.53 1097.85 1097.39 1096.14 1095.13 1094.77 1092.9 1091.72 1090.71 1088.25 1086.16 1084.32 1082.77 1081.99 1082.23 1080.53 1080.76 1082.22 1082.14 1082.8 1083.94 1083.54 1083.19 1083.57 1084.37 1084.96 1084.76 1083.7 1081.7 1080.0 1078.8 1077.63 1076.03 1073.91 1072.11 1070.46 1069.5 1069.29 1068.89 1068.18 1067.26 1065.99 1065.11 1062.85 1060.56
1e+20 1e+20 1e+20 1e+20 1e+20 1e+20 1e+20 1e+20 1e+20 1e+20 1e+20 1e+20 1e+20 1e+20 1e+20 1e+20 1e+20 1e+20 1105.82 1104.19 1102.2 1101.56 1101.04 1100.42 1100.6 1100.26 1101.26 1100.62 1098.63 1098.25 1098.7 1097.98 1096.59 1095.69 1094.3 1092.78 1091.55 1090.34 1087.86 1085.0 1082.17 1080.9 1081.39 1081.08 1082.54 1083.26 1083.14 1083.88 1084.68 1085.13 1085.18 1085.44 1086.05 1086.7 1086.23 1084.98 1083.17 1081.61 1080.08 1078.82 1076.43 1074.25 1072.34 1070.83 1070.55 1071.0 1070.83 1069.97 1068.92 1067.89 1066.48 1064.28 1062.68
1e+20 1e+20 1e+20 1e+20 1e+20 1e+20 1e+20 1e+20 1e+20 1e+20 1e+20 1e+20 1e+20 1e+20 1e+20 1e+20 1e+20 1e+20 1106.3 1104.84 1102.86 1101.42 1101.42 1101.2 1102.31 1101.82 1102.02 1101.8 1100.87 1100.43 1100.6 1099.43 1097.82 1096.56 1095.61 1093.58 1091.3 1090.19 1088.39 1086.1 1083.32 1082.16 1082.5 1082.81 1083.87 1084.48 1084.52 1085.13 1084.94 1085.49 1086.13 1086.91 1088.08 1087.9 1087.06 1085.91 1083.67 1082.07 1079.88 1078.14 1075.83 1074.3 1072.92 1071.72 1072.35 1072.78 1072.76 1071.78 1070.68 1069.68 1067.89 1065.93 1064.97
1e+20 1e+20 1e+20 1e+20 1e+20 1e+20 1e+20 1e+20 1e+20 1e+20 1e+20 1e+20 1e+20 1e+20 1e+20 1e+20 1e+20 1e+20 1107.01 1106.51 1105.31 1104.17 1103.48 1102.1 1102.1 1102.08 1102.1 1102.19 1101.93 1101.33 1101.12 1100.52 1099.17 1097.96 1097.24 1095.23 1092.92 1091.13 1089.32 1086.98 1084.76 1084.02 1084.0 1084.63 1085.29 1086.53 1086.04 1086.99 1086.35 1086.56 1087.08 1087.85 1088.58 1087.51 1086.6 1085.44 1082.35 1080.35 1078.65 1076.77 1075.52 1074.33 1074.07 1074.03 1074.15 1074.15 1073.56 1072.38 1070.91 1069.44 1067.8 1066.26 1065.38
1e+20 1e+20 1e+20 1e+20 1e+20 1e+20 1e+20 1e+20 1e+20 1e+20 1e+20 1e+20 1e+20 1e+20 1e+20 1e+20 1e+20 1e+20 1107.57 1108.04 1107.3 1107.07 1105.28 1103.32 1102.26 1102.44 1102.51 1103.25 1104.25 1103.67 1102.3 1101.33 1099.88 1098.14 1096.66 1095.48 1094.11 1092.67 1090.69 1087.93 1085.86 1085.65 1085.42 1086.1 1087.13 1089.23 1086.86 1088.23 1087.72 1087.89 1087.93 1087.83 1087.34 1086.39 1085.18 1083.82 1081.46 1079.43 1078.12 1076.6 1075.57 1075.06 1075.55 1076.11 1075.9 1075.1 1073.69 1072.01 1070.22 1069.2 1068.69 1067.76 1066.23
1e+20 1e+20 1e+20 1e+20 1e+20 1e+20 1e+20 1e+20 1e+20 1e+20 1e+20 1e+20 1e+20 1e+20 1e+20 1e+20 1e+20 1e+20 1107.2 1107.8 1107.85 1107.66 1106.5 1105.39 1104.29 1103.8 1103.61 1105.43 1107.91 1107.99 1106.12 1103.7 1101.28 1098.31 1096.43 1095.21 1093.92 1092.92 1091.25 1088.64 1086.61 1087.76 1087.7 1087.88 1088.67 1090.09 1089.76 1091.46 1091.18 1090.12 1089.0 1087.85 1086.66 1085.57 1084.31 1082.82 1081.03 1079.45 1078.22 1077.36 1077.18 1077.02 1077.37 1077.71 1077.01 1075.66 1073.54 1071.89 1070.25 1070.52 1070.53 1070.1 1068.11
1e+20 1e+20 1e+20 1e+20 1e+20 1e+20 1e+20 1e+20 1e+20 1e+20 1e+20 1e+20 1e+20 1e+20 1e+20 1e+20 1e+20 1e+20 1106.82 1107.42 1107.64 1107.85 1107.5 1106.82 1106.39 1106.11 1106.74 1109.24 1111.54 1111.58 1109.62 1106.67 1102.9 1099.38 1096.61 1095.03 1093.91 1093.13 1091.61 1089.6 1088.07 1088.83 1089.18 1089.42 1090.09 1091.36 1091.85 1092.56 1092.72 1091.63 1089.81 1087.88 1086.37 1085.24 1083.57 1081.96 1080.66 1079.38 1078.65 1078.74 1079.35 1079.49 1079.32 1079.06 1077.96 1075.93 1074.22 1073.61 1073.04 1072.99 1072.89 1071.8 1070.15
1e+20 1e+20 1e+20 1e+20 1e+20 1e+20 1e+20 1e+20 1e+20 1e+20 1e+20 1e+20 1e+20 1e+20 1e+20 1e+20 1e+20 1e+20 1108.18 1108.42 1108.06 1108.31 1108.16 1107.21 1107.2 1107.98 1109.4 1112.96 1114.64 1113.16 1109.74 1106.09 1102.54 1098.44 1095.88 1094.95 1094.18 1093.22 1091.89 1090.32 1089.76 1090.34 1090.98 1090.99 1091.19 1092.11 1092.48 1092.27 1092.21 1091.91 1090.41 1088.65 1087.06 1085.6 1083.32 1082.06 1081.74 1081.74 1081.0 1080.76 1081.14 1081.05 1080.52 1079.6 1078.14 1076.32 1076.08 1076.2 1076.26 1075.76 1074.85 1073.18 1071.71
1e+20 1e+20 1e+20 1e+20 1e+20 1e+20 1e+20 1e+20 1e+20 1e+20 1e+20 1e+20 1e+20 1e+20 1e+20 1e+20 1e+20 1e+20 1110.4 1111.57 1110.53 1109.55 1109.56 1108.86 1108.28 1109.4 1111.39 1114.16 1113.55 1110.39 1107.34 1104.06 1101.7 1098.32 1096.46 1096.04 1095.14 1093.57 1091.89 1090.95 1091.13 1091.35 1092.35 1092.49 1093.05 1093.94 1094.06 1092.71 1092.27 1092.65 1091.16 1089.12 1087.45 1085.15 1083.2 1083.26 1083.76 1084.44 1084.26 1083.53 1083.05 1082.32 1081.38 1080.09 1078.42 1077.43 1077.89 1078.06 1077.96 1077.58 1076.48 1074.93 1073.09
1e+20 1e+20 1e+20 1e+20 1e+20 1e+20 1e+20 1e+20 1e+20 1e+20 1e+20 1e+20 1e+20 1e+20 1e+20 1e+20 1e+20 1e+20 1111.33 1112.2 1112.05 1110.91 1110.54 1110.67 1110.0 1110.32 1111.51 1112.39 1110.54 1106.56 1104.98 1103.21 1102.62 1100.18 1098.18 1097.91 1096.42 1093.99 1092.14 1091.94 1091.34 1091.4 1092.59 1093.47 1094.38 1095.37 1095.99 1093.25 1092.91 1092.43 1091.2 1089.32 1087.13 1085.01 1084.17 1085.08 1085.88 1086.81 1086.61 1085.63 1084.41 1083.51 1082.03 1080.2 1079.0 1078.64 1079.72 1080.09 1079.76 1079.24 1078.71 1078.01 1077.03
1e+20 1e+20 1e+20 1e+20 1e+20 1e+20 1e+20 1e+20 1e+20 1e+20 1e+20 1e+20 1e+20 1e+20 1e+20 1e+20 1e+20 1e+20 1111.95 1112.28 1112.01 1111.12 1110.56 1110.99 1110.96 1111.51 1111.98 1112.31 1110.81 1107.38 1105.41 1104.42 1103.8 1102.3 1100.24 1098.71 1097.35 1095.13 1093.86 1093.14 1092.13 1093.16 1093.59 1094.08 1094.57 1095.26 1095.44 1094.25 1093.3 1091.75 1089.74 1088.38 1087.06 1086.2 1086.41 1087.18 1087.8 1088.36 1087.72 1087.09 1085.43 1084.51 1082.7 1080.51 1080.9 1081.61 1082.08 1082.33 1081.74 1081.29 1081.07 1080.43 1079.85
1e+20 1e+20 1e+20 1e+20 1e+20 1e+20 1e+20 1e+20 1e+20 1e+20 1e+20 1e+20 1e+20 1e+20 1e+20 1e+20 1e+20 1e+20 1114.53 1113.87 1112.85 1111.68 1111.57 1111.71 1111.5 1112.21 1112.98 1112.81 1111.35 1108.77 1107.1 1105.85 1105.16 1104.19 1101.92 1099.24 1098.3 1096.76 1095.87 1094.74 1094.71 1095.84 1094.7 1094.79 1094.65 1095.16 1096.17 1095.04 1093.13 1091.25 1089.08 1087.55 1087.87 1088.62 1089.09 1089.38 1089.4 1089.49 1089.16 1088.65 1085.95 1083.96 1082.14 1081.05 1082.04 1083.87 1084.27 1083.71 1083.72 1084.04 1084.0 1085.06 1084.6
1e+20 1e+20 1e+20 1e+20 1e+20 1e+20 1e+20 1e+20 1e+20 1e+20 1e+20 1e+20 1e+20 1e+20 1e+20 1e+20 1e+20 1e+20 1e+20 1117.44 1115.72 1113.3 1112.6 1112.73 1112.94 1112.94 1113.41 1113.28 1111.93 1109.73 1108.07 1106.55 1105.79 1104.37 1102.48 1100.58 1099.14 1097.63 1096.77 1094.97 1093.79 1095.27 1095.73 1096.13 1095.97 1096.15 1097.65 1095.15 1093.53 1092.03 1090.52 1089.88 1090.12 1091.38 1091.8 1091.66 1091.18 1090.57 1089.66 1088.52 1086.36 1084.2 1083.3 1082.82 1082.98 1084.55 1084.82 1084.89 1086.29 1088.83 1089.33 1094.74 1092.23
1e+20 1e+20 1e+20 1e+20 1e+20 1e+20 1e+20 1e+20 1e+20 1e+20 1e+20 1e+20 1e+20 1e+20 1e+20 1e+20 1e+20 1e+20 1e+20 1121.45 1119.38 1115.88 1114.28 1114.12 1114.4 1113.91 1113.77 1113.72 1112.62 1110.42 1108.54 1107.84 1106.32 1104.0 1102.42 1100.91 1099.04 1097.98 1097.3 1095.16 1094.03 1094.79 1095.79 1096.5 1096.29 1095.79 1097.58 1095.43 1094.84 1093.71 1092.18 1091.96 1092.46 1093.73 1093.82 1093.44 1092.83 1091.48 1089.84 1088.49 1087.13 1086.41 1086.38 1086.03 1085.27 1086.48 1087.66 1089.68 1092.28 1098.62 1098.38 1098.33 1094.03
