pygmi/test/dtm.asc
ncols 			232
nrows 			481
xllcorner 			-20187.5000000001
yllcorner 			-2823315.0
cellsize 			125.0
nodata_value 		1e+20
[rows 160 to 191 of 481, columns 73 to 145 of 232]
1099.49 1100.31 1102.64 1105.87 1108.38 1110.35 1111.92 1114.62 1117.55 1120.45 1124.02 1129.58 1139.41 1138.84 1136.18 1133.75 1130.83 1127.81 1126.02 1125.79 1124.49 1122.52 1121.63 1120.34 1117.91 1115.86 1114.64 1113.1 1111.23 1109.01 1106.72 1105.2 1102.7 1099.36 1094.9 1090.48 1087.84 1086.02 1085.22 1084.08 1082.2 1080.35 1078.55 1076.01 1074.11 1072.19 1073.64 1075.96 1081.15 1086.28 1091.29 1094.93 1097.94 1101.35 1103.89 1104.54 1104.3 1103.13 1102.31 1101.5 1101.1 1101.02 1100.96 1100.28 1100.67 1102.19 1103.5 1105.0 1107.53 1109.7 1108.71 1109.01 1109.11
1099.51 1101.07 1103.55 1106.65 1109.93 1111.76 1113.18 1115.36 1117.87 1120.35 1123.57 1128.61 1136.24 1138.67 1138.71 1136.79 1133.92 1130.94 1129.09 1127.64 1125.51 1123.73 1122.78 1120.63 1118.34 1116.26 1114.76 1113.43 1111.62 1109.34 1107.25 1105.61 1103.54 1100.72 1096.77 1092.88 1090.21 1088.28 1087.32 1086.27 1084.55 1082.09 1079.86 1077.06 1075.5 1074.09 1074.26 1075.39 1079.81 1084.47 1089.55 1093.43 1096.23 1099.23 1101.56 1102.99 1103.67 1102.82 1101.52 1101.54 1101.32 1101.36 1102.2 1101.61 1102.1 1103.6 1103.81 1105.08 1109.87 1113.02 1113.43 1113.14 1112.78
1100.77 1101.32 1103.57 1105.95 1108.82 1111.48 1113.63 1115.8 1117.69 1120.12 1123.46 1128.17 1132.94 1137.11 1140.37 1138.92 1135.76 1133.15 1131.14 1128.16 1126.54 1125.06 1125.2 1122.15 1119.55 1117.79 1115.67 1114.01 1111.68 1109.52 1107.37 1105.2 1103.7 1101.78 1098.41 1094.68 1092.05 1090.03 1089.11 1087.99 1086.0 1083.49 1080.83 1078.05 1076.26 1075.95 1076.02 1077.12 1080.59 1084.81 1088.92 1093.37 1096.51 1098.66 1099.48 1100.75 1101.9 1102.1 1101.42 1101.5 1101.57 1101.99 1102.69 1102.65 1103.73 1105.17 1104.46 1103.12 1109.54 1115.1 1116.68 1115.94 1114.88
1099.11 1101.02 1103.38 1105.58 1108.04 1110.71 1113.39 1115.63 1117.44 1119.37 1122.52 1126.69 1130.89 1135.85 1142.19 1141.05 1136.61 1133.67 1131.13 1128.47 1127.28 1126.84 1126.86 1123.58 1120.75 1118.67 1116.27 1114.4 1112.42 1109.92 1107.82 1105.26 1103.57 1101.54 1098.87 1095.43 1092.73 1090.97 1090.1 1088.59 1086.63 1084.19 1081.28 1078.69 1077.0 1076.12 1076.56 1078.09 1081.51 1085.33 1088.7 1092.48 1096.09 1098.42 1098.49 1099.34 1100.26 1100.95 1101.19 1101.57 1101.86 1102.64 1103.51 1103.4 1105.76 1108.46 1108.54 1107.73 1111.12 1115.0 1116.65 1116.41 1115.38
1098.15 1100.38 1102.82 1105.0 1106.73 1109.68 1112.84 1115.18 1116.52 1118.0 1120.91 1124.83 1128.92 1133.48 1139.57 1138.54 1135.78 1133.13 1130.89 1129.02 1128.07 1128.27 1128.24 1124.58 1121.49 1119.35 1117.18 1115.43 1114.83 1112.44 1109.61 1106.7 1103.94 1101.66 1099.54 1096.23 1093.25 1091.46 1089.88 1088.17 1086.21 1084.05 1081.69 1079.5 1077.83 1077.21 1077.21 1079.66 1083.09 1086.49 1089.57 1092.08 1093.84 1095.67 1096.54 1097.92 1098.89 1100.04 1100.99 1101.44 1102.06 1103.31 1104.46 1105.42 1107.82 1110.26 1111.46 1111.13 1112.59 1114.69 1115.82 1115.82 1e+20
1100.26 1101.27 1103.58 1105.26 1106.6 1109.0 1111.71 1113.92 1115.69 1117.55 1120.22 1123.67 1127.67 1132.46 1139.55 1139.32 1136.31 1133.32 1130.89 1129.41 1128.9 1129.34 1128.24 1124.55 1122.02 1119.69 1118.02 1116.85 1115.09 1113.15 1109.11 1106.27 1103.44 1101.3 1099.72 1096.5 1093.22 1090.79 1088.86 1087.12 1085.3 1083.84 1082.34 1080.9 1078.84 1078.43 1078.35 1081.17 1084.09 1087.57 1090.42 1091.82 1092.71 1093.27 1094.19 1095.5 1097.06 1098.78 1100.52 1102.03 1103.41 1104.67 1105.69 1106.74 1108.66 1110.61 1111.82 1112.2 1113.03 1114.18 1e+20 1e+20 1e+20
1102.84 1102.52 1103.88 1105.79 1107.34 1109.48 1112.18 1113.73 1115.74 1117.6 1119.48 1122.7 1126.7 1131.28 1136.36 1137.5 1135.87 1133.71 1131.98 1131.39 1132.51 1131.59 1129.46 1125.75 1122.29 1119.38 1117.84 1116.25 1114.15 1110.75 1107.0 1104.83 1102.66 1100.53 1099.51 1096.37 1093.02 1089.81 1087.62 1086.22 1085.03 1084.12 1083.41 1082.94 1080.4 1079.25 1078.62 1081.4 1084.8 1087.77 1089.88 1091.06 1091.57 1091.51 1092.07 1092.89 1095.77 1098.24 1100.36 1102.96 1105.07 1106.1 1106.75 1107.56 1108.83 1110.26 1111.32 1112.02 1112.75 1113.57 1e+20 1e+20 1e+20
1104.32 1104.03 1104.52 1106.47 1108.21 1110.34 1113.59 1114.96 1116.85 1118.56 1119.96 1122.43 1125.82 1129.47 1133.65 1136.07 1135.88 1133.83 1132.18 1132.69 1135.65 1132.83 1129.1 1125.51 1121.36 1118.6 1117.0 1114.89 1112.71 1109.0 1106.03 1104.23 1102.54 1100.62 1098.95 1096.09 1093.29 1090.22 1087.41 1086.05 1084.89 1084.18 1083.23 1081.35 1080.26 1080.08 1079.79 1081.82 1084.98 1087.24 1088.4 1089.3 1090.08 1089.78 1090.96 1092.05 1094.41 1097.35 1099.83 1102.86 1105.97 1106.74 1107.11 1107.67 1108.51 1109.56 1110.51 1e+20 1e+20 1e+20 1e+20 1e+20 1e+20
1106.58 1106.5 1106.65 1107.87 1109.5 1111.74 1114.55 1116.0 1117.97 1119.63 1121.07 1123.09 1125.8 1128.65 1131.94 1134.56 1135.13 1133.16 1131.3 1130.82 1131.99 1129.58 1125.59 1122.5 1119.08 1116.54 1114.83 1113.3 1112.33 1109.49 1106.31 1104.5 1102.29 1100.37 1098.6 1096.55 1094.34 1092.29 1089.7 1087.28 1085.36 1084.55 1083.5 1081.04 1080.89 1081.36 1081.03 1082.19 1084.92 1086.64 1087.07 1088.28 1090.1 1090.2 1090.87 1091.26 1092.12 1094.73 1097.9 1101.26 1104.24 1105.7 1106.46 1107.13 1e+20 1e+20 1e+20 1e+20 1e+20 1e+20 1e+20 1e+20 1e+20
1108.0 1108.37 1108.42 1108.4 1109.97 1112.48 1114.85 1116.48 1118.83 1120.65 1122.21 1124.09 1126.43 1128.49 1130.7 1132.01 1132.77 1131.61 1130.15 1129.07 1128.85 1126.42 1122.6 1119.9 1117.17 1115.03 1113.1 1111.59 1111.05 1109.49 1106.24 1103.93 1101.72 1099.97 1098.47 1096.41 1094.34 1092.6 1090.9 1088.52 1086.64 1085.51 1084.3 1082.93 1082.17 1082.39 1082.44 1082.96 1084.3 1085.38 1086.2 1087.89 1090.31 1091.55 1091.54 1090.75 1090.19 1092.42 1095.84 1099.25 1102.15 1104.08 1105.34 1106.29 1e+20 1e+20 1e+20 1e+20 1e+20 1e+20 1e+20 1e+20 1e+20
1109.55 1110.48 1110.43 1109.95 1111.42 1113.73 1115.49 1116.38 1118.3 1120.72 1123.11 1125.46 1127.45 1129.04 1131.1 1131.96 1132.1 1130.92 1129.62 1127.83 1126.93 1124.13 1120.42 1118.21 1116.28 1114.21 1111.68 1110.35 1109.69 1108.48 1106.37 1103.6 1102.19 1100.16 1098.8 1096.63 1094.49 1092.18 1090.49 1088.3 1086.97 1085.73 1084.86 1084.8 1083.87 1084.27 1084.57 1084.95 1085.44 1085.77 1087.14 1088.99 1091.66 1093.88 1093.16 1091.84 1091.14 1092.39 1094.91 1097.74 1100.39 1e+20 1e+20 1e+20 1e+20 1e+20 1e+20 1e+20 1e+20 1e+20 1e+20 1e+20 1e+20
1111.13 1112.12 1112.61 1111.97 1112.78 1114.73 1116.36 1117.03 1118.19 1120.43 1123.07 1125.82 1128.4 1130.65 1132.37 1133.59 1133.4 1131.95 1130.78 1129.3 1127.49 1124.48 1121.3 1118.46 1116.07 1113.66 1110.62 1109.17 1108.47 1107.48 1106.49 1104.25 1102.55 1100.61 1098.46 1096.46 1095.1 1092.47 1089.9 1087.53 1086.41 1085.21 1083.95 1084.3 1085.05 1085.94 1086.91 1087.15 1087.45 1088.53 1089.45 1090.86 1092.95 1094.74 1094.14 1093.01 1092.39 1093.01 1094.64 1e+20 1e+20 1e+20 1e+20 1e+20 1e+20 1e+20 1e+20 1e+20 1e+20 1e+20 1e+20 1e+20 1e+20
1113.07 1113.62 1113.72 1113.42 1113.58 1114.83 1117.04 1118.19 1119.49 1121.12 1123.01 1124.88 1127.6 1131.92 1134.48 1136.44 1136.63 1135.78 1133.95 1132.2 1129.48 1126.44 1123.65 1120.27 1117.52 1115.0 1112.06 1109.66 1108.37 1107.08 1105.83 1104.06 1102.2 1099.9 1097.57 1095.75 1094.44 1092.55 1090.66 1088.72 1087.28 1086.93 1085.38 1085.22 1087.07 1089.25 1089.9 1088.84 1088.65 1090.71 1090.95 1091.76 1093.13 1094.27 1094.17 1093.61 1093.24 1e+20 1e+20 1e+20 1e+20 1e+20 1e+20 1e+20 1e+20 1e+20 1e+20 1e+20 1e+20 1e+20 1e+20 1e+20 1e+20
1115.43 1115.85 1115.41 1115.47 1115.2 1116.04 1118.31 1120.05 1121.59 1123.05 1124.35 1125.66 1127.53 1131.6 1135.86 1139.42 1140.15 1138.92 1137.11 1134.98 1131.7 1128.42 1125.81 1122.67 1119.55 1116.32 1113.31 1111.09 1109.02 1106.42 1104.8 1103.3 1101.25 1098.96 1097.21 1095.45 1093.27 1091.69 1090.16 1088.65 1087.87 1089.36 1089.73 1089.64 1090.86 1092.64 1092.65 1089.1 1087.05 1088.6 1089.83 1091.04 1092.33 1093.36 1093.72 1093.73 1e+20 1e+20 1e+20 1e+20 1e+20 1e+20 1e+20 1e+20 1e+20 1e+20 1e+20 1e+20 1e+20 1e+20 1e+20 1e+20 1e+20
1117.32 1117.93 1116.87 1116.85 1116.58 1117.51 1119.57 1121.83 1123.71 1125.11 1126.62 1128.13 1129.28 1131.82 1136.02 1140.51 1144.35 1143.44 1139.74 1137.17 1133.81 1130.8 1128.43 1125.44 1121.47 1117.64 1114.5 1112.19 1110.36 1107.11 1105.39 1103.5 1101.08 1099.19 1097.64 1095.95 1094.03 1091.62 1089.6 1087.55 1087.66 1090.05 1093.65 1094.4 1095.86 1096.6 1095.54 1088.19 1085.48 1086.33 1087.97 1089.58 1091.08 1e+20 1e+20 1e+20 1e+20 1e+20 1e+20 1e+20 1e+20 1e+20 1e+20 1e+20 1e+20 1e+20 1e+20 1e+20 1e+20 1e+20 1e+20 1e+20 1e+20
1118.11 1118.75 1118.3 1118.14 1117.77 1118.51 1120.22 1122.65 1125.2 1126.72 1128.98 1130.78 1132.22 1134.66 1139.37 1145.52 1152.8 1156.24 1146.56 1139.82 1136.17 1133.24 1130.65 1127.77 1123.56 1119.08 1115.41 1112.63 1110.82 1108.0 1105.97 1104.17 1102.11 1100.41 1099.07 1097.56 1095.83 1092.92 1089.47 1085.74 1084.96 1088.32 1094.51 1098.73 1099.83 1097.79 1092.77 1084.39 1083.36 1084.57 1086.42 1088.18 1e+20 1e+20 1e+20 1e+20 1e+20 1e+20 1e+20 1e+20 1e+20 1e+20 1e+20 1e+20 1e+20 1e+20 1e+20 1e+20 1e+20 1e+20 1e+20 1e+20 1e+20
1118.37 1119.49 1119.53 1119.46 1118.38 1118.64 1119.68 1122.0 1125.1 1128.13 1131.48 1134.35 1136.4 1139.42 1147.21 1164.19 1177.93 1187.03 1167.29 1147.51 1141.04 1137.52 1133.54 1130.11 1125.17 1120.55 1116.54 1113.37 1111.52 1109.04 1106.55 1104.86 1103.34 1102.38 1101.05 1099.4 1096.97 1093.65 1090.52 1086.99 1083.82 1086.92 1094.79 1101.26 1102.32 1098.71 1092.9 1086.52 1084.4 1084.59 1085.8 1e+20 1e+20 1e+20 1e+20 1e+20 1e+20 1e+20 1e+20 1e+20 1e+20 1e+20 1e+20 1e+20 1e+20 1e+20 1e+20 1e+20 1e+20 1e+20 1e+20 1e+20 1e+20
1118.81 1120.64 1121.39 1121.85 1120.28 1119.66 1119.58 1122.02 1125.11 1128.87 1132.85 1136.88 1140.21 1143.8 1155.87 1186.37 1209.74 1205.35 1177.85 1149.18 1141.95 1141.03 1136.71 1131.45 1126.79 1122.1 1118.21 1114.12 1111.71 1109.56 1106.99 1105.48 1104.65 1104.0 1102.87 1100.96 1097.84 1093.68 1090.57 1089.53 1090.22 1091.47 1096.06 1100.37 1101.13 1098.34 1093.68 1088.97 1e+20 1e+20 1e+20 1e+20 1e+20 1e+20 1e+20 1e+20 1e+20 1e+20 1e+20 1e+20 1e+20 1e+20 1e+20 1e+20 1e+20 1e+20 1e+20 1e+20 1e+20 1e+20 1e+20 1e+20 1e+20
1119.06 1121.09 1122.5 1123.54 1122.47 1121.31 1121.18 1122.57 1125.1 1128.99 1133.61 1137.59 1141.34 1145.55 1158.85 1189.97 1209.85 1185.87 1165.86 1144.35 1137.62 1140.97 1142.51 1134.66 1132.29 1124.99 1121.46 1116.9 1113.49 1110.77 1109.21 1107.29 1106.02 1104.8 1103.34 1101.6 1098.54 1093.53 1090.24 1090.83 1093.11 1094.08 1096.57 1098.97 1099.36 1097.52 1094.26 1e+20 1e+20 1e+20 1e+20 1e+20 1e+20 1e+20 1e+20 1e+20 1e+20 1e+20 1e+20 1e+20 1e+20 1e+20 1e+20 1e+20 1e+20 1e+20 1e+20 1e+20 1e+20 1e+20 1e+20 1e+20 1e+20
1118.03 1120.81 1123.46 1125.58 1125.41 1124.41 1124.0 1124.73 1126.16 1128.29 1131.01 1136.4 1142.52 1148.63 1160.62 1189.29 1208.92 1181.28 1162.41 1149.54 1143.58 1147.44 1156.99 1146.39 1139.16 1126.3 1121.25 1118.29 1115.74 1113.49 1111.87 1109.72 1108.12 1105.59 1103.13 1101.67 1100.23 1095.21 1091.2 1090.9 1092.62 1094.12 1095.95 1097.46 1097.76 1e+20 1e+20 1e+20 1e+20 1e+20 1e+20 1e+20 1e+20 1e+20 1e+20 1e+20 1e+20 1e+20 1e+20 1e+20 1e+20 1e+20 1e+20 1e+20 1e+20 1e+20 1e+20 1e+20 1e+20 1e+20 1e+20 1e+20 1e+20
1117.65 1120.96 1123.42 1125.43 1127.04 1127.56 1127.3 1127.75 1127.98 1128.62 1130.07 1134.42 1139.81 1150.47 1165.43 1189.5 1203.27 1174.44 1161.23 1156.51 1155.84 1154.43 1157.51 1145.57 1136.43 1126.23 1120.03 1117.85 1116.64 1115.24 1113.66 1111.72 1110.07 1106.84 1103.38 1101.19 1099.33 1095.54 1090.63 1089.9 1091.37 1093.16 1094.88 1096.08 1096.5 1e+20 1e+20 1e+20 1e+20 1e+20 1e+20 1e+20 1e+20 1e+20 1e+20 1e+20 1e+20 1e+20 1e+20 1e+20 1e+20 1e+20 1e+20 1e+20 1e+20 1e+20 1e+20 1e+20 1e+20 1e+20 1e+20 1e+20 1e+20
1117.69 1120.57 1122.79 1124.5 1127.5 1129.16 1130.58 1132.07 1131.98 1131.76 1132.96 1134.22 1138.63 1155.24 1187.17 1212.78 1223.38 1184.21 1163.76 1158.48 1154.64 1150.11 1149.04 1140.67 1130.46 1123.01 1118.5 1117.58 1116.62 1115.64 1114.47 1112.61 1110.68 1107.42 1103.44 1100.3 1097.54 1092.63 1088.83 1088.73 1090.44 1092.41 1e+20 1e+20 1e+20 1e+20 1e+20 1e+20 1e+20 1e+20 1e+20 1e+20 1e+20 1e+20 1e+20 1e+20 1e+20 1e+20 1e+20 1e+20 1e+20 1e+20 1e+20 1e+20 1e+20 1e+20 1e+20 1e+20 1e+20 1e+20 1e+20 1e+20 1e+20
1117.8 1120.78 1123.78 1125.44 1127.78 1130.13 1133.88 1135.28 1136.21 1136.94 1137.86 1138.89 1145.62 1170.36 1216.57 1242.64 1231.31 1181.99 1160.33 1154.61 1151.27 1147.12 1144.71 1138.26 1130.67 1124.27 1118.53 1118.25 1117.48 1115.9 1114.57 1112.89 1110.81 1107.45 1103.31 1100.29 1097.14 1093.73 1088.93 1089.24 1e+20 1e+20 1e+20 1e+20 1e+20 1e+20 1e+20 1e+20 1e+20 1e+20 1e+20 1e+20 1e+20 1e+20 1e+20 1e+20 1e+20 1e+20 1e+20 1e+20 1e+20 1e+20 1e+20 1e+20 1e+20 1e+20 1e+20 1e+20 1e+20 1e+20 1e+20 1e+20 1e+20
1117.83 1120.2 1122.39 1124.4 1125.93 1129.92 1135.01 1136.8 1139.29 1141.75 1143.87 1144.67 1151.39 1180.83 1228.14 1252.02 1239.67 1199.42 1170.0 1156.91 1150.5 1143.87 1138.46 1135.19 1130.83 1125.82 1121.72 1120.56 1119.14 1116.69 1114.49 1112.54 1109.93 1106.34 1101.97 1100.88 1100.08 1100.25 1094.77 1093.07 1e+20 1e+20 1e+20 1e+20 1e+20 1e+20 1e+20 1e+20 1e+20 1e+20 1e+20 1e+20 1e+20 1e+20 1e+20 1e+20 1e+20 1e+20 1e+20 1e+20 1e+20 1e+20 1e+20 1e+20 1e+20 1e+20 1e+20 1e+20 1e+20 1e+20 1e+20 1e+20 1e+20
1117.89 1119.25 1120.82 1123.36 1125.01 1128.46 1133.13 1136.43 1140.64 1144.58 1147.86 1151.76 1160.89 1189.25 1233.29 1252.88 1240.26 1212.26 1186.83 1168.63 1155.01 1142.46 1136.86 1134.53 1131.16 1127.27 1124.38 1122.11 1120.4 1117.37 1114.81 1112.44 1109.85 1107.28 1104.04 1103.1 1102.95 1e+20 1e+20 1e+20 1e+20 1e+20 1e+20 1e+20 1e+20 1e+20 1e+20 1e+20 1e+20 1e+20 1e+20 1e+20 1e+20 1e+20 1e+20 1e+20 1e+20 1e+20 1e+20 1e+20 1e+20 1e+20 1e+20 1e+20 1e+20 1e+20 1e+20 1e+20 1e+20 1e+20 1e+20 1e+20 1e+20
1118.92 1119.82 1121.74 1123.72 1124.9 1127.75 1131.74 1135.5 1140.14 1145.31 1148.81 1152.62 1159.34 1179.39 1210.28 1234.09 1230.08 1212.27 1193.61 1176.67 1157.74 1142.97 1137.59 1135.65 1130.83 1127.62 1125.17 1122.71 1121.03 1118.18 1115.16 1112.51 1110.4 1108.14 1105.4 1104.11 1103.38 1e+20 1e+20 1e+20 1e+20 1e+20 1e+20 1e+20 1e+20 1e+20 1e+20 1e+20 1e+20 1e+20 1e+20 1e+20 1e+20 1e+20 1e+20 1e+20 1e+20 1e+20 1e+20 1e+20 1e+20 1e+20 1e+20 1e+20 1e+20 1e+20 1e+20 1e+20 1e+20 1e+20 1e+20 1e+20 1e+20
1119.29 1121.67 1123.65 1125.64 1126.0 1127.65 1130.56 1134.71 1138.61 1143.89 1148.81 1153.8 1159.16 1168.09 1179.71 1198.79 1203.67 1196.05 1179.04 1165.71 1152.38 1137.67 1133.36 1132.88 1131.01 1128.45 1125.8 1123.02 1120.88 1118.46 1116.45 1114.2 1111.96 1109.51 1106.74 1105.19 1104.87 1e+20 1e+20 1e+20 1e+20 1e+20 1e+20 1e+20 1e+20 1e+20 1e+20 1e+20 1e+20 1e+20 1e+20 1e+20 1e+20 1e+20 1e+20 1e+20 1e+20 1e+20 1e+20 1e+20 1e+20 1e+20 1e+20 1e+20 1e+20 1e+20 1e+20 1e+20 1e+20 1e+20 1e+20 1e+20 1e+20
1119.28 1121.08 1123.36 1125.75 1126.72 1128.48 1130.86 1135.41 1138.58 1143.02 1148.42 1154.5 1159.42 1164.41 1170.69 1180.72 1183.27 1180.8 1167.86 1154.51 1145.22 1133.65 1129.42 1128.4 1128.63 1127.79 1125.91 1123.43 1121.02 1119.02 1117.01 1115.7 1113.54 1110.62 1107.08 1104.27 1104.37 1e+20 1e+20 1e+20 1e+20 1e+20 1e+20 1e+20 1e+20 1e+20 1e+20 1e+20 1e+20 1e+20 1e+20 1e+20 1e+20 1e+20 1e+20 1e+20 1e+20 1e+20 1e+20 1e+20 1e+20 1e+20 1e+20 1e+20 1e+20 1e+20 1e+20 1e+20 1e+20 1e+20 1e+20 1e+20 1e+20
1120.02 1121.8 1123.89 1126.84 1128.98 1130.31 1132.3 1135.84 1139.47 1143.26 1148.67 1155.55 1160.63 1164.5 1169.07 1173.64 1177.44 1179.37 1167.41 1155.45 1146.99 1139.21 1131.79 1127.19 1125.61 1124.58 1124.43 1122.81 1121.17 1119.43 1117.28 1116.32 1114.78 1111.53 1107.52 1102.85 1101.42 1e+20 1e+20 1e+20 1e+20 1e+20 1e+20 1e+20 1e+20 1e+20 1e+20 1e+20 1e+20 1e+20 1e+20 1e+20 1e+20 1e+20 1e+20 1e+20 1e+20 1e+20 1e+20 1e+20 1e+20 1e+20 1e+20 1e+20 1e+20 1e+20 1e+20 1e+20 1e+20 1e+20 1e+20 1e+20 1e+20
1121.1 1123.2 1125.5 1128.49 1132.01 1133.23 1134.87 1137.28 1140.53 1143.9 1148.47 1155.03 1164.55 1170.82 1176.06 1175.33 1173.99 1172.4 1165.15 1157.35 1150.52 1143.39 1135.7 1129.74 1126.39 1122.33 1121.88 1122.13 1121.65 1121.11 1121.63 1118.1 1115.33 1112.06 1109.13 1104.53 1103.13 1e+20 1e+20 1e+20 1e+20 1e+20 1e+20 1e+20 1e+20 1e+20 1e+20 1e+20 1e+20 1e+20 1e+20 1e+20 1e+20 1e+20 1e+20 1e+20 1e+20 1e+20 1e+20 1e+20 1e+20 1e+20 1e+20 1e+20 1e+20 1e+20 1e+20 1e+20 1e+20 1e+20 1e+20 1e+20 1e+20
1121.35 1123.83 1127.06 1130.16 1133.36 1135.76 1138.66 1140.89 1143.47 1146.21 1150.39 1160.16 1176.14 1190.59 1189.78 1181.0 1174.77 1171.9 1166.88 1159.19 1153.29 1147.86 1140.05 1133.85 1131.55 1125.59 1122.58 1122.33 1121.97 1122.08 1124.08 1120.43 1114.47 1111.13 1108.5 1105.98 1107.36 1e+20 1e+20 1e+20 1e+20 1e+20 1e+20 1e+20 1e+20 1e+20 1e+20 1e+20 1e+20 1e+20 1e+20 1e+20 1e+20 1e+20 1e+20 1e+20 1e+20 1e+20 1e+20 1e+20 1e+20 1e+20 1e+20 1e+20 1e+20 1e+20 1e+20 1e+20 1e+20 1e+20 1e+20 1e+20 1e+20
1122.41 1124.43 1128.13 1131.45 1133.87 1136.24 1139.75 1143.68 1147.54 1150.65 1154.92 1170.71 1199.47 1214.32 1194.38 1183.48 1176.56 1174.82 1168.04 1159.35 1153.4 1147.88 1141.66 1135.94 1132.3 1127.24 1123.8 1122.17 1121.78 1122.15 1122.2 1116.9 1111.67 1110.22 1108.02 1106.43 1108.65 1e+20 1e+20 1e+20 1e+20 1e+20 1e+20 1e+20 1e+20 1e+20 1e+20 1e+20 1e+20 1e+20 1e+20 1e+20 1e+20 1e+20 1e+20 1e+20 1e+20 1e+20 1e+20 1e+20 1e+20 1e+20 1e+20 1e+20 1e+20 1e+20 1e+20 1e+20 1e+20 1e+20 1e+20 1e+20 1e+20
