pygmi/test/dtm.asc
ncols 			232
nrows 			481
xllcorner 			-20187.5000000001
yllcorner 			-2823315.0
cellsize 			125.0
nodata_value 		1e+20
[rows 416 to 447 of 481, columns 146 to 218 of 232]
1045.95 1044.93 1045.62 1047.26 1047.84 1049.46 1051.7 1054.14 1056.18 1057.81 1058.44 1058.78 1059.51 1060.39 1062.07 1062.58 1063.85 1064.79 1065.91 1066.44 1066.1 1065.99 1065.87 1065.4 1064.61 1063.79 1063.31 1063.03 1061.61 1059.28 1056.59 1057.84 1060.0 1062.17 1063.54 1065.15 1067.66 1070.01 1072.74 1077.12 1082.53 1087.77 1093.23 1100.2 1105.12 1109.0 1110.38 1109.75 1107.69 1107.92 1106.06 1102.69 1103.47 1103.55 1099.36 1095.16 1092.08 1101.97 1123.95 1148.9 1183.3 1181.6 1153.72 1139.13 1137.21 1137.76 1134.17 1129.97 1124.58 1120.32 1119.68 1120.08 1123.24
1045.35 1045.78 1047.3 1049.25 1049.74 1050.78 1052.42 1054.81 1056.52 1057.72 1058.59 1059.57 1061.32 1061.76 1062.98 1063.62 1064.58 1065.67 1066.39 1066.82 1066.92 1066.78 1066.53 1066.32 1065.93 1065.04 1064.18 1063.62 1062.52 1060.85 1058.4 1058.14 1060.3 1062.77 1064.11 1065.14 1067.68 1069.91 1072.08 1075.74 1080.14 1084.38 1088.63 1093.84 1098.37 1100.75 1100.49 1100.16 1102.38 1109.56 1116.21 1115.64 1115.92 1114.09 1108.08 1104.35 1098.38 1104.56 1122.1 1141.26 1160.21 1163.52 1141.88 1132.42 1133.2 1137.23 1134.08 1131.36 1128.89 1123.98 1119.06 1114.59 1114.59
1046.76 1048.0 1050.46 1052.72 1053.0 1053.57 1053.93 1055.21 1056.18 1057.1 1058.58 1060.09 1061.77 1062.5 1063.55 1064.65 1065.55 1066.45 1066.93 1067.31 1067.53 1067.48 1067.47 1067.1 1066.78 1066.49 1065.81 1064.49 1062.75 1061.24 1059.27 1059.05 1061.24 1063.58 1064.92 1066.32 1068.35 1070.44 1072.43 1074.91 1078.58 1082.59 1086.26 1091.19 1095.54 1098.28 1098.04 1097.58 1100.75 1114.07 1135.82 1137.77 1136.66 1131.81 1122.34 1118.46 1105.51 1100.29 1104.12 1117.51 1131.96 1129.07 1123.52 1121.96 1123.85 1127.08 1128.19 1127.46 1127.17 1126.18 1121.81 1117.03 1112.41
1049.02 1050.41 1052.57 1053.14 1054.76 1056.53 1057.27 1056.81 1056.61 1057.51 1058.78 1060.28 1061.77 1063.02 1063.86 1065.36 1066.59 1067.37 1067.69 1068.15 1068.36 1068.41 1068.2 1067.8 1067.55 1067.33 1067.39 1065.74 1064.31 1062.66 1060.96 1060.82 1062.66 1064.36 1066.02 1067.67 1069.44 1071.16 1073.26 1074.96 1078.0 1082.05 1084.76 1089.12 1093.95 1097.21 1098.12 1099.85 1106.69 1125.99 1165.66 1173.77 1167.16 1156.99 1139.89 1127.85 1111.85 1104.11 1099.68 1099.73 1110.46 1110.98 1112.02 1116.1 1119.28 1120.09 1124.56 1123.44 1123.12 1124.19 1123.87 1122.48 1117.15
1050.9 1052.12 1052.95 1052.56 1054.24 1056.65 1058.6 1057.86 1057.59 1058.67 1059.63 1060.5 1061.82 1063.04 1064.07 1065.64 1067.19 1067.77 1068.5 1068.93 1069.3 1069.39 1069.29 1069.14 1068.72 1068.24 1068.01 1066.91 1065.94 1064.2 1061.67 1061.61 1063.63 1065.22 1066.62 1068.51 1070.42 1071.96 1073.73 1075.26 1077.88 1081.28 1084.0 1087.85 1092.31 1096.43 1098.49 1101.36 1107.9 1125.44 1159.82 1184.47 1189.62 1182.64 1163.74 1142.12 1121.44 1113.09 1109.27 1103.24 1105.77 1109.62 1113.52 1119.56 1124.87 1123.71 1124.07 1121.84 1121.22 1122.22 1123.28 1122.46 1117.83
1051.22 1052.98 1053.93 1053.66 1054.3 1056.0 1058.24 1058.73 1058.3 1059.36 1060.47 1060.8 1061.96 1063.12 1064.27 1065.98 1067.33 1068.08 1069.81 1070.45 1070.67 1070.73 1070.59 1070.7 1070.23 1069.87 1069.09 1068.02 1067.26 1066.37 1063.84 1062.79 1064.87 1066.74 1067.95 1069.54 1071.4 1073.03 1074.73 1076.27 1078.72 1081.38 1083.25 1086.19 1090.28 1094.6 1098.61 1103.51 1110.55 1125.57 1148.24 1182.0 1202.48 1208.3 1199.23 1160.9 1128.64 1117.55 1114.0 1107.08 1104.81 1109.47 1117.14 1125.82 1131.9 1127.27 1122.58 1119.84 1119.45 1120.56 1122.58 1123.23 1117.84
1051.66 1053.16 1054.4 1054.74 1055.36 1056.7 1058.53 1060.26 1060.47 1060.91 1061.57 1062.61 1063.28 1064.28 1065.55 1067.33 1069.13 1069.78 1070.77 1071.9 1072.0 1071.8 1071.39 1071.35 1071.32 1071.35 1070.44 1069.13 1067.76 1066.59 1064.65 1062.67 1065.03 1067.53 1069.15 1070.7 1072.4 1074.1 1075.6 1077.26 1079.68 1081.79 1083.65 1085.96 1089.6 1093.53 1098.25 1103.34 1110.46 1124.25 1146.05 1179.17 1209.41 1220.55 1211.44 1170.83 1137.52 1125.23 1121.1 1111.95 1104.7 1107.4 1117.52 1128.95 1137.46 1130.95 1122.67 1118.65 1118.02 1118.85 1119.68 1119.58 1115.99
1051.96 1053.92 1055.12 1055.61 1056.32 1057.52 1058.63 1060.52 1061.33 1061.58 1062.21 1064.19 1065.01 1066.6 1067.33 1068.53 1070.07 1071.18 1072.19 1073.1 1073.56 1073.16 1072.46 1071.85 1071.84 1071.98 1071.26 1070.04 1068.61 1067.19 1065.78 1064.36 1066.07 1068.25 1069.98 1071.86 1073.81 1075.18 1076.67 1078.48 1080.72 1083.02 1084.91 1087.03 1089.9 1092.7 1097.31 1102.64 1109.46 1119.27 1134.97 1157.11 1185.12 1205.74 1200.69 1168.79 1143.35 1130.8 1123.37 1114.96 1106.85 1107.14 1114.65 1123.5 1130.71 1126.88 1120.71 1118.34 1118.14 1118.31 1118.46 1118.06 1116.56
1052.38 1054.9 1056.04 1056.76 1057.25 1058.14 1058.97 1060.8 1061.49 1061.86 1061.68 1063.35 1065.84 1069.1 1069.59 1070.3 1071.14 1072.19 1073.07 1073.84 1074.36 1074.42 1073.94 1073.33 1072.93 1073.06 1072.69 1071.29 1069.74 1068.28 1066.94 1065.38 1066.88 1069.26 1071.02 1073.44 1075.24 1076.57 1078.3 1080.16 1082.0 1083.95 1086.02 1087.64 1090.11 1092.68 1096.42 1100.69 1105.85 1112.01 1121.27 1133.32 1147.91 1163.84 1168.78 1153.12 1146.64 1138.54 1125.63 1114.46 1106.35 1103.88 1106.57 1114.16 1123.0 1122.92 1119.5 1119.41 1121.35 1122.18 1120.58 1118.87 1118.52
1052.52 1055.12 1056.96 1058.05 1058.91 1059.52 1060.1 1061.02 1062.07 1062.61 1063.67 1064.92 1066.64 1069.31 1070.98 1072.02 1072.41 1073.11 1073.94 1074.75 1075.33 1076.02 1075.7 1075.03 1074.4 1073.91 1073.65 1072.23 1070.76 1069.49 1068.22 1066.88 1068.5 1070.94 1072.95 1075.0 1076.68 1077.9 1079.9 1082.57 1084.42 1086.18 1088.29 1089.53 1091.08 1092.82 1095.48 1099.12 1103.57 1107.65 1112.72 1119.81 1127.19 1133.81 1140.33 1141.95 1146.03 1139.68 1128.09 1116.72 1106.09 1101.37 1100.73 1104.31 1111.29 1115.31 1116.59 1120.31 1126.45 1129.06 1125.18 1119.87 1117.65
1053.46 1055.72 1057.61 1059.17 1060.41 1060.75 1060.97 1061.25 1062.93 1064.19 1066.53 1067.78 1068.5 1069.46 1070.71 1072.39 1073.26 1074.48 1075.44 1075.97 1076.49 1076.83 1076.89 1076.01 1075.15 1074.12 1073.65 1072.9 1071.62 1070.63 1069.08 1067.34 1069.23 1071.92 1074.46 1076.59 1077.93 1078.76 1080.98 1084.09 1086.66 1089.32 1090.42 1091.27 1092.22 1093.32 1094.99 1098.06 1102.07 1105.61 1109.19 1113.46 1119.0 1123.6 1128.48 1133.35 1140.97 1142.3 1132.38 1120.45 1109.67 1103.79 1102.66 1102.61 1105.04 1111.21 1115.36 1120.4 1129.79 1132.78 1129.06 1122.86 1119.49
1055.3 1057.16 1058.5 1059.54 1060.71 1061.85 1062.04 1062.09 1062.93 1064.49 1067.16 1069.58 1069.85 1070.46 1071.47 1073.33 1074.3 1075.06 1075.83 1076.84 1077.49 1077.39 1077.68 1077.28 1076.57 1075.53 1074.76 1073.83 1072.84 1071.83 1070.4 1068.92 1070.21 1072.62 1074.62 1076.78 1078.6 1079.64 1081.25 1083.86 1086.9 1090.24 1091.48 1092.08 1093.04 1094.32 1095.72 1097.91 1100.6 1103.41 1106.0 1109.43 1113.81 1119.23 1124.46 1131.73 1144.7 1154.97 1146.64 1132.85 1118.06 1109.87 1107.31 1106.18 1105.65 1110.15 1115.96 1121.85 1131.22 1130.51 1129.05 1124.76 1120.9
1056.3 1058.31 1059.7 1060.66 1061.12 1062.66 1062.86 1062.9 1063.09 1064.58 1066.6 1069.0 1070.45 1071.52 1072.7 1074.45 1075.24 1075.61 1076.52 1077.7 1078.4 1078.66 1078.93 1078.95 1078.02 1076.83 1076.15 1075.26 1074.33 1073.33 1071.79 1070.23 1071.34 1073.1 1074.57 1076.87 1079.17 1080.42 1081.67 1083.6 1086.07 1089.17 1091.36 1092.56 1093.87 1095.31 1096.77 1098.76 1101.01 1103.09 1105.04 1107.17 1109.67 1113.76 1119.19 1126.46 1139.81 1157.12 1164.33 1156.51 1135.59 1120.16 1113.33 1109.9 1107.41 1108.21 1112.5 1116.82 1123.18 1126.93 1129.4 1126.62 1121.91
1056.78 1059.14 1061.05 1062.73 1063.32 1063.65 1064.03 1064.21 1064.48 1065.55 1066.97 1068.83 1070.79 1072.18 1073.36 1074.52 1075.39 1076.29 1077.15 1078.29 1079.13 1079.59 1079.76 1079.6 1079.17 1078.43 1077.64 1076.76 1075.81 1075.0 1073.96 1072.86 1073.29 1074.72 1076.36 1078.07 1079.83 1081.41 1082.8 1084.66 1087.2 1089.99 1092.37 1094.58 1095.78 1096.48 1097.7 1099.95 1102.26 1103.79 1105.6 1106.97 1108.83 1111.53 1116.56 1124.04 1138.9 1160.74 1178.3 1177.1 1153.81 1134.2 1122.16 1116.42 1112.44 1110.7 1112.47 1115.68 1119.84 1124.78 1133.22 1132.68 1124.46
1057.62 1059.92 1062.16 1063.95 1065.01 1065.4 1065.4 1065.75 1066.2 1066.83 1068.01 1070.09 1071.32 1072.94 1074.62 1075.47 1076.13 1077.0 1077.97 1079.0 1079.63 1079.93 1080.09 1079.89 1079.78 1079.59 1078.79 1078.08 1077.39 1076.71 1075.55 1074.53 1074.82 1076.09 1077.79 1079.47 1081.09 1082.74 1084.36 1085.89 1088.26 1090.76 1093.29 1096.0 1097.76 1098.5 1099.21 1101.34 1103.46 1105.02 1106.92 1108.85 1110.61 1112.13 1115.09 1123.0 1142.29 1174.05 1203.98 1209.98 1181.2 1150.45 1130.95 1122.64 1118.73 1116.13 1115.06 1117.63 1122.83 1130.04 1141.49 1145.25 1134.11
1058.33 1060.37 1062.3 1064.15 1065.21 1065.78 1065.86 1066.38 1067.02 1067.85 1069.05 1070.68 1071.49 1073.39 1075.26 1076.49 1077.2 1078.12 1079.09 1080.35 1080.82 1080.75 1081.08 1081.15 1080.64 1080.57 1080.02 1079.36 1078.71 1077.68 1076.78 1076.21 1076.59 1077.37 1078.74 1080.36 1082.24 1084.11 1085.86 1087.02 1089.37 1091.4 1093.61 1096.11 1098.92 1100.37 1101.23 1102.69 1105.4 1107.63 1109.98 1111.99 1113.08 1113.76 1115.66 1124.49 1148.04 1189.94 1235.77 1238.91 1205.02 1167.79 1139.67 1128.43 1123.85 1120.12 1117.47 1119.36 1123.36 1129.12 1137.35 1142.06 1137.09
1058.99 1060.22 1061.68 1063.65 1065.21 1066.08 1066.3 1066.93 1067.58 1068.75 1069.84 1071.5 1072.75 1074.8 1076.88 1077.91 1078.53 1078.97 1080.09 1081.35 1082.13 1082.68 1083.3 1083.23 1082.35 1081.88 1081.5 1080.87 1079.84 1078.38 1077.29 1077.08 1077.79 1078.83 1079.91 1081.44 1083.26 1085.5 1087.81 1089.17 1091.33 1092.69 1094.45 1096.32 1098.39 1100.72 1102.85 1104.46 1107.63 1110.43 1113.72 1115.71 1116.91 1116.9 1117.39 1124.66 1150.22 1202.4 1261.97 1264.7 1223.43 1178.28 1143.52 1130.7 1127.92 1125.4 1122.79 1121.8 1123.09 1127.56 1133.48 1136.76 1138.61
1059.38 1060.32 1061.84 1063.64 1065.61 1066.72 1066.78 1067.43 1068.34 1069.82 1070.78 1072.15 1073.48 1075.35 1077.12 1078.55 1079.48 1079.89 1080.83 1081.69 1082.9 1083.93 1084.64 1084.46 1083.72 1083.29 1082.95 1082.72 1082.21 1080.62 1078.47 1078.12 1078.85 1080.21 1081.14 1082.31 1084.11 1086.77 1088.83 1090.4 1092.62 1094.32 1096.22 1098.17 1099.98 1101.7 1104.31 1106.49 1109.82 1111.78 1115.18 1118.25 1120.11 1120.55 1121.36 1128.02 1148.01 1191.58 1246.47 1265.1 1228.54 1184.07 1149.53 1132.8 1128.51 1127.31 1126.8 1124.84 1124.93 1127.26 1132.23 1135.61 1140.6
1060.2 1061.19 1062.57 1064.26 1066.48 1068.12 1068.37 1068.46 1068.98 1070.13 1071.35 1072.74 1073.98 1075.47 1076.92 1078.09 1079.46 1080.77 1081.32 1081.85 1082.64 1083.89 1085.11 1085.5 1085.25 1084.84 1084.09 1083.74 1083.64 1083.11 1081.38 1080.4 1079.68 1080.32 1081.69 1083.25 1085.15 1087.16 1089.42 1091.71 1093.56 1095.66 1098.59 1100.89 1102.68 1103.96 1106.44 1108.48 1111.0 1113.45 1116.79 1119.93 1122.23 1123.65 1124.87 1130.21 1144.66 1181.74 1237.93 1276.68 1245.27 1191.32 1155.65 1137.99 1129.71 1127.22 1126.63 1126.64 1126.85 1128.15 1132.06 1135.51 1141.98
1060.66 1062.04 1063.36 1064.71 1067.03 1068.74 1069.86 1070.45 1070.88 1071.04 1072.34 1073.56 1074.41 1075.35 1076.7 1077.72 1078.93 1080.53 1081.55 1082.14 1082.73 1083.57 1084.73 1085.7 1086.04 1085.86 1085.09 1084.22 1083.97 1083.74 1083.26 1083.07 1081.94 1081.04 1082.18 1084.05 1085.98 1086.49 1088.94 1092.52 1094.29 1096.62 1099.99 1102.47 1104.64 1106.51 1109.16 1110.97 1112.29 1115.02 1118.41 1121.6 1124.72 1126.64 1128.23 1132.99 1143.27 1167.02 1209.28 1247.64 1237.13 1189.96 1157.29 1142.02 1133.1 1129.33 1126.88 1126.52 1127.02 1129.39 1133.92 1136.68 1140.35
1061.44 1062.97 1064.08 1064.75 1067.27 1068.83 1070.28 1071.61 1072.78 1072.59 1073.31 1074.47 1075.4 1076.18 1077.53 1078.94 1079.75 1080.69 1081.42 1082.54 1083.32 1084.27 1085.22 1086.07 1086.57 1086.76 1086.3 1085.33 1084.74 1084.06 1083.97 1084.38 1084.59 1083.88 1083.9 1085.09 1086.35 1087.31 1088.63 1091.65 1094.52 1096.5 1099.57 1103.03 1106.29 1109.57 1112.36 1114.41 1115.65 1118.0 1120.79 1123.25 1126.33 1129.62 1131.72 1135.34 1143.88 1160.03 1190.18 1227.86 1239.93 1195.96 1159.43 1143.72 1134.91 1132.8 1130.33 1128.36 1127.4 1129.06 1134.24 1138.95 1143.06
1060.75 1063.5 1064.14 1064.87 1068.14 1069.21 1070.08 1071.31 1072.43 1073.02 1073.87 1074.78 1075.97 1076.88 1078.42 1079.95 1080.74 1081.23 1082.03 1083.4 1084.47 1085.24 1085.77 1086.52 1087.2 1087.73 1087.31 1086.37 1085.72 1085.07 1084.59 1084.67 1085.4 1085.54 1085.9 1086.86 1088.33 1090.24 1091.47 1093.48 1095.61 1097.34 1099.54 1102.63 1106.81 1110.58 1113.66 1116.38 1118.91 1121.71 1123.93 1126.42 1128.0 1131.58 1134.4 1137.05 1142.82 1153.37 1172.18 1206.2 1230.99 1205.1 1173.04 1149.31 1136.88 1134.55 1133.65 1132.79 1130.76 1129.24 1134.1 1141.88 1148.29
1061.62 1063.15 1064.3 1065.86 1067.82 1069.09 1069.85 1071.14 1072.2 1073.54 1074.52 1075.01 1076.54 1078.08 1079.52 1081.17 1081.74 1082.08 1083.34 1084.28 1085.6 1086.29 1086.78 1087.12 1087.52 1088.32 1088.66 1088.98 1088.0 1087.02 1086.57 1086.43 1086.87 1087.33 1087.9 1088.79 1090.48 1092.62 1094.11 1095.36 1097.14 1098.89 1101.07 1103.53 1107.26 1110.21 1113.88 1117.26 1120.58 1124.25 1127.16 1131.0 1131.9 1134.62 1136.9 1138.6 1143.06 1149.68 1161.4 1180.75 1204.7 1203.25 1182.06 1155.68 1141.66 1138.18 1136.34 1136.73 1135.94 1132.7 1135.23 1145.75 1153.82
1062.45 1064.19 1065.55 1067.05 1068.9 1069.61 1070.34 1071.92 1073.35 1074.53 1075.46 1075.97 1077.29 1078.96 1080.56 1082.11 1082.85 1083.23 1084.28 1084.25 1085.73 1086.76 1087.69 1088.02 1088.24 1088.83 1089.58 1089.74 1088.64 1088.44 1088.41 1088.62 1088.83 1088.92 1089.62 1090.51 1092.45 1094.27 1095.7 1097.24 1099.09 1100.22 1102.29 1104.38 1107.33 1110.79 1114.35 1118.09 1122.41 1126.93 1131.67 1135.3 1135.12 1137.79 1140.4 1142.7 1145.24 1149.18 1157.43 1171.84 1194.28 1203.65 1184.03 1159.8 1146.67 1143.28 1141.34 1141.84 1139.28 1134.23 1133.83 1146.47 1153.97
1063.36 1065.08 1065.64 1066.83 1068.47 1069.98 1071.52 1072.98 1074.89 1076.37 1077.08 1076.91 1077.6 1079.43 1081.07 1082.55 1083.26 1083.63 1084.47 1084.92 1086.31 1087.05 1088.13 1088.82 1089.11 1089.81 1090.36 1090.27 1089.92 1090.02 1089.95 1090.27 1090.99 1091.29 1091.5 1092.13 1094.44 1095.65 1097.03 1098.78 1100.69 1101.23 1103.18 1105.82 1108.42 1112.48 1116.38 1120.03 1125.5 1131.15 1137.02 1141.18 1142.48 1143.93 1146.6 1148.76 1150.35 1152.53 1156.22 1163.17 1179.47 1196.96 1183.8 1164.65 1154.86 1151.12 1147.66 1146.41 1143.15 1138.26 1136.95 1142.4 1146.89
1064.53 1066.84 1067.81 1068.03 1068.71 1070.68 1072.46 1072.86 1075.01 1077.0 1078.56 1078.14 1078.51 1080.05 1081.19 1082.75 1083.85 1084.73 1084.96 1085.16 1085.94 1086.61 1088.2 1089.33 1090.13 1091.0 1091.44 1091.86 1091.81 1091.59 1091.18 1091.35 1092.43 1093.46 1094.38 1095.0 1096.49 1097.11 1098.82 1100.92 1103.42 1104.42 1106.1 1108.88 1111.3 1114.82 1119.59 1123.72 1128.88 1135.42 1142.61 1147.35 1150.39 1151.36 1153.87 1156.58 1157.64 1159.27 1161.76 1166.33 1178.6 1203.32 1192.65 1172.68 1163.59 1158.41 1153.91 1151.03 1146.44 1141.83 1139.75 1140.92 1148.38
1064.48 1067.02 1069.48 1070.05 1070.24 1071.91 1073.69 1074.33 1075.59 1077.05 1078.52 1078.93 1079.33 1080.27 1081.3 1082.95 1084.87 1086.18 1086.11 1086.28 1086.66 1087.71 1089.13 1090.35 1091.67 1092.03 1092.43 1093.73 1093.67 1093.18 1092.56 1092.77 1093.5 1094.57 1096.03 1097.24 1098.48 1099.33 1100.32 1101.15 1103.85 1106.44 1108.97 1111.24 1113.95 1116.63 1121.38 1126.88 1132.2 1139.37 1147.31 1152.08 1156.26 1158.81 1162.38 1165.15 1167.72 1169.37 1170.32 1172.2 1178.15 1192.65 1192.44 1177.63 1169.67 1164.77 1158.74 1153.34 1149.11 1145.14 1142.73 1142.36 1149.73
1064.22 1065.99 1068.4 1069.91 1070.52 1072.16 1074.29 1075.49 1076.45 1077.5 1078.75 1079.55 1079.83 1080.61 1081.73 1083.59 1085.57 1086.51 1087.15 1087.53 1087.61 1088.64 1090.0 1090.99 1091.97 1092.63 1093.63 1094.64 1095.11 1095.16 1094.88 1094.8 1095.39 1096.53 1097.82 1098.97 1100.53 1101.89 1102.88 1102.47 1104.54 1107.03 1110.66 1112.74 1115.48 1119.23 1123.89 1130.6 1135.87 1142.84 1151.37 1158.5 1164.09 1168.36 1175.83 1178.97 1182.13 1181.84 1181.72 1181.37 1182.08 1188.92 1199.18 1187.51 1177.51 1171.64 1164.82 1156.2 1151.96 1148.76 1147.73 1147.04 1150.32
1064.88 1066.86 1068.68 1070.71 1071.52 1072.51 1074.05 1076.1 1077.87 1078.68 1079.52 1080.24 1080.51 1081.12 1082.07 1084.19 1085.2 1086.17 1087.43 1088.0 1088.39 1088.61 1089.97 1091.45 1092.6 1093.06 1093.68 1094.54 1095.85 1096.49 1096.57 1096.64 1097.29 1099.11 1100.1 1100.97 1102.15 1104.25 1106.1 1106.29 1107.66 1109.88 1114.08 1115.58 1118.53 1123.34 1129.0 1137.16 1141.47 1147.28 1156.23 1165.44 1174.56 1185.73 1200.46 1206.26 1204.37 1198.17 1194.19 1192.1 1191.9 1197.87 1207.63 1198.63 1188.11 1182.09 1176.31 1163.41 1156.7 1152.76 1152.34 1149.57 1149.88
1066.87 1068.68 1069.86 1071.12 1072.4 1073.44 1074.93 1076.73 1078.54 1079.86 1080.57 1081.82 1081.87 1082.3 1083.32 1084.55 1085.76 1087.13 1088.02 1088.51 1089.52 1089.48 1090.04 1091.22 1092.3 1092.97 1093.71 1094.7 1096.55 1097.46 1097.68 1098.12 1099.31 1101.17 1102.13 1102.75 1104.11 1106.3 1108.49 1110.01 1111.36 1113.02 1115.84 1117.61 1121.1 1126.78 1132.82 1142.48 1147.62 1151.91 1160.15 1173.02 1191.5 1215.56 1238.3 1249.07 1241.5 1227.52 1213.42 1203.55 1199.19 1201.91 1205.24 1201.25 1193.32 1184.43 1176.04 1166.39 1161.93 1159.92 1158.59 1152.56 1149.79
1068.18 1071.58 1072.13 1071.54 1072.54 1073.79 1075.54 1077.2 1078.87 1080.72 1081.11 1081.57 1082.32 1083.09 1084.13 1084.79 1086.28 1087.51 1088.42 1089.22 1089.91 1090.24 1090.65 1091.53 1092.36 1093.33 1094.17 1095.16 1096.61 1098.01 1098.52 1099.62 1101.41 1102.89 1103.96 1104.76 1106.04 1107.9 1110.33 1112.54 1114.37 1115.83 1118.76 1121.47 1124.42 1131.48 1138.15 1147.33 1155.65 1162.02 1170.56 1187.14 1218.94 1254.48 1287.38 1313.25 1297.38 1269.55 1244.3 1220.26 1207.05 1206.42 1208.38 1208.65 1206.97 1196.44 1186.13 1178.94 1173.35 1168.63 1161.81 1153.67 1148.87
1060.81 1068.53 1071.49 1072.19 1072.32 1073.5 1075.17 1077.44 1079.5 1081.16 1081.63 1081.59 1082.43 1082.89 1084.09 1085.07 1086.71 1087.36 1088.28 1089.26 1089.34 1090.11 1091.09 1092.09 1092.71 1093.52 1094.8 1095.71 1096.7 1097.98 1099.48 1100.67 1102.02 1103.63 1105.38 1106.31 1107.29 1108.94 1111.54 1113.76 1116.38 1118.2 1121.16 1124.93 1128.29 1134.82 1142.04 1149.56 1160.55 1171.13 1185.62 1206.79 1247.61 1300.67 1349.23 1373.16 1355.58 1315.71 1273.48 1239.58 1217.44 1214.52 1218.33 1224.63 1230.87 1218.79 1205.48 1197.47 1189.84 1180.74 1168.74 1159.88 1153.97
