pygmi/test/dtm.asc
ncols 			232
nrows 			481
xllcorner 			-20187.5000000001
yllcorner 			-2823315.0
cellsize 			125.0
nodata_value 		1e+20
[rows 384 to 415 of 481, columns 146 to 218 of 232]
1081.98 1082.01 1093.43 1112.94 1126.1 1139.49 1152.0 1164.56 1170.89 1165.96 1163.94 1170.01 1180.62 1183.41 1159.63 1131.28 1116.43 1103.47 1092.31 1086.22 1083.47 1080.2 1075.7 1069.8 1063.1 1057.05 1052.63 1056.65 1070.72 1102.73 1121.41 1121.29 1112.68 1100.24 1087.07 1069.47 1059.9 1055.66 1052.83 1051.07 1049.24 1047.52 1045.78 1043.85 1039.86 1034.92 1033.03 1031.45 1030.09 1034.69 1034.08 1035.1 1035.94 1035.55 1033.33 1031.43 1030.94 1028.58 1030.06 1030.34 1029.76 1027.69 1030.17 1036.65 1041.21 1044.13 1046.25 1047.61 1047.22 1047.87 1050.09 1052.63 1055.4
1080.89 1081.03 1088.82 1107.47 1127.33 1148.05 1169.49 1184.75 1191.84 1185.65 1179.48 1178.05 1183.27 1170.96 1135.05 1115.27 1099.51 1090.17 1083.94 1079.78 1077.82 1075.47 1073.67 1070.4 1064.51 1058.08 1051.79 1053.35 1063.85 1090.68 1107.37 1113.84 1111.13 1103.03 1088.61 1070.19 1058.51 1053.14 1050.6 1049.36 1047.13 1044.07 1042.65 1041.01 1038.45 1035.22 1033.72 1032.95 1031.13 1035.58 1037.64 1038.51 1038.06 1036.46 1033.64 1034.07 1035.99 1032.92 1031.2 1030.29 1027.98 1027.81 1030.2 1037.57 1042.08 1045.2 1048.0 1049.54 1049.0 1048.75 1049.93 1052.53 1055.52
1078.25 1079.63 1085.54 1099.64 1121.19 1144.95 1174.34 1201.07 1211.0 1204.93 1197.99 1199.47 1197.89 1169.29 1129.81 1106.27 1089.6 1082.11 1076.91 1072.91 1071.26 1070.11 1069.53 1067.78 1064.75 1060.61 1053.94 1052.3 1057.2 1074.63 1094.53 1105.69 1106.05 1101.44 1087.83 1076.39 1059.76 1049.64 1046.47 1045.46 1044.14 1041.03 1038.83 1036.95 1036.7 1034.8 1032.5 1034.49 1032.91 1036.93 1039.59 1041.45 1040.4 1038.45 1036.95 1040.7 1041.42 1037.5 1032.34 1033.82 1033.95 1033.73 1034.2 1038.62 1043.05 1046.28 1049.38 1051.64 1051.79 1050.63 1050.02 1052.31 1055.66
1074.72 1076.55 1081.04 1091.13 1108.69 1129.04 1158.54 1196.04 1213.46 1212.93 1208.33 1210.98 1204.5 1165.24 1120.87 1098.18 1082.51 1076.97 1073.27 1069.14 1066.23 1064.91 1064.37 1063.27 1061.88 1059.0 1055.17 1054.99 1055.85 1063.54 1087.32 1101.94 1101.61 1098.73 1094.65 1087.41 1062.26 1047.83 1043.18 1040.81 1038.99 1037.23 1035.79 1035.52 1036.31 1033.91 1033.42 1036.86 1036.03 1037.44 1040.01 1042.18 1041.77 1040.99 1041.07 1043.99 1045.95 1042.09 1038.67 1040.77 1040.47 1039.57 1037.74 1039.28 1044.1 1047.2 1050.12 1052.19 1053.13 1053.24 1052.68 1053.0 1055.79
1070.98 1073.24 1077.02 1083.79 1097.77 1113.86 1140.68 1177.25 1185.22 1187.67 1191.73 1194.47 1185.09 1151.01 1109.17 1085.55 1070.73 1066.72 1066.6 1064.89 1062.75 1060.65 1059.55 1058.7 1058.09 1056.35 1054.74 1055.52 1058.36 1065.47 1086.38 1105.47 1107.75 1102.02 1096.72 1085.15 1053.67 1042.61 1042.69 1039.41 1035.48 1034.42 1033.45 1034.09 1035.52 1034.73 1032.74 1035.39 1036.26 1037.74 1041.66 1043.62 1043.01 1042.38 1043.18 1044.78 1046.34 1045.55 1043.91 1044.19 1044.05 1044.08 1042.66 1044.09 1047.64 1050.13 1051.73 1052.78 1054.02 1054.76 1054.51 1054.23 1056.03
1067.23 1069.47 1073.11 1077.58 1084.71 1094.64 1111.17 1132.47 1136.35 1146.63 1152.89 1154.72 1136.08 1109.78 1083.32 1066.23 1058.66 1057.82 1059.02 1058.83 1058.4 1057.11 1056.23 1054.72 1053.9 1052.82 1051.16 1050.33 1053.49 1059.49 1075.61 1091.31 1102.0 1101.23 1078.36 1062.17 1033.73 1034.83 1043.22 1039.45 1035.76 1033.94 1032.38 1033.69 1035.39 1035.58 1034.76 1035.87 1037.86 1041.38 1044.55 1047.54 1046.26 1045.28 1046.45 1047.34 1047.84 1048.68 1047.96 1047.08 1046.44 1045.71 1044.42 1045.06 1047.81 1051.25 1052.8 1053.68 1054.32 1055.05 1054.91 1054.84 1055.6
1062.27 1064.27 1067.32 1070.62 1072.96 1077.56 1086.88 1098.61 1100.62 1105.44 1106.54 1103.4 1091.07 1071.01 1060.73 1053.01 1049.22 1049.93 1051.25 1051.58 1051.97 1052.47 1053.42 1052.55 1051.62 1050.3 1048.53 1047.03 1049.74 1055.16 1063.63 1067.6 1074.46 1070.09 1041.19 1032.3 1024.06 1028.45 1034.89 1034.84 1033.95 1033.07 1033.96 1034.47 1035.2 1037.37 1037.8 1039.0 1041.48 1045.58 1046.68 1047.58 1048.29 1049.11 1050.81 1051.09 1050.92 1051.62 1051.72 1050.79 1049.93 1048.36 1047.13 1046.12 1047.31 1051.21 1053.09 1054.54 1055.43 1055.86 1055.61 1056.09 1055.81
1057.12 1058.76 1061.68 1064.32 1064.87 1064.7 1068.27 1073.48 1074.67 1076.56 1076.53 1074.92 1068.18 1057.54 1049.86 1044.9 1043.42 1043.8 1044.52 1045.35 1046.14 1047.05 1048.32 1048.69 1049.01 1047.28 1045.67 1043.98 1044.52 1046.69 1049.95 1052.21 1051.18 1046.02 1033.74 1027.42 1024.54 1027.34 1028.91 1028.77 1029.34 1031.19 1033.8 1035.48 1037.27 1040.05 1041.05 1043.07 1045.93 1045.18 1046.6 1049.11 1049.55 1050.6 1054.16 1054.1 1053.23 1053.32 1054.66 1055.23 1055.13 1052.85 1051.59 1049.95 1049.39 1051.74 1053.3 1054.94 1056.6 1057.07 1057.45 1058.06 1057.49
1051.56 1052.3 1054.14 1056.65 1058.79 1057.13 1056.93 1058.17 1058.53 1058.39 1058.17 1059.04 1058.12 1055.42 1051.11 1045.78 1042.57 1040.8 1040.87 1041.11 1041.55 1042.7 1043.62 1044.4 1044.2 1042.93 1041.85 1040.52 1039.65 1039.51 1040.59 1043.69 1044.1 1043.81 1039.95 1035.94 1031.12 1032.39 1030.78 1029.69 1029.65 1032.06 1034.54 1037.36 1040.2 1042.1 1043.15 1045.24 1043.94 1040.04 1041.39 1046.81 1049.22 1051.45 1055.55 1056.12 1056.27 1056.51 1057.72 1058.81 1059.0 1056.08 1054.22 1053.11 1051.38 1052.9 1054.76 1055.88 1057.73 1058.5 1058.95 1059.19 1059.05
1046.76 1046.35 1047.27 1049.03 1050.29 1050.28 1048.72 1048.47 1049.64 1050.31 1050.58 1051.85 1053.57 1053.44 1050.82 1047.12 1043.47 1040.59 1039.61 1038.84 1038.85 1039.66 1040.2 1041.03 1040.79 1039.73 1038.59 1038.02 1036.51 1035.62 1034.75 1038.99 1041.79 1046.67 1043.49 1040.5 1033.75 1034.88 1033.89 1033.6 1043.82 1039.2 1038.54 1040.72 1042.93 1044.8 1046.7 1048.32 1046.77 1041.09 1040.13 1045.29 1049.93 1052.75 1055.42 1056.44 1057.51 1058.28 1058.83 1060.54 1062.1 1060.78 1058.16 1057.41 1055.95 1056.19 1058.54 1059.25 1060.09 1060.35 1060.35 1060.14 1060.27
1043.4 1042.85 1042.25 1043.74 1044.59 1044.47 1042.99 1042.5 1043.56 1045.29 1046.48 1047.71 1048.9 1049.64 1048.16 1045.99 1044.17 1041.54 1038.65 1037.15 1036.64 1036.95 1037.98 1039.16 1039.16 1038.15 1038.32 1038.31 1036.98 1036.73 1036.89 1040.52 1041.69 1045.29 1044.02 1042.3 1038.09 1037.71 1038.15 1042.79 1054.91 1043.71 1040.84 1043.88 1046.19 1047.63 1049.06 1048.92 1047.0 1042.2 1039.69 1043.4 1049.35 1052.9 1055.15 1056.35 1058.32 1059.48 1059.86 1060.12 1061.96 1061.67 1060.0 1059.73 1059.23 1058.9 1059.9 1060.8 1061.31 1062.19 1061.84 1061.2 1061.76
1041.11 1042.44 1041.44 1041.81 1041.8 1040.55 1039.95 1040.69 1041.43 1043.29 1044.18 1044.94 1044.65 1044.82 1044.55 1043.17 1042.3 1040.67 1037.36 1035.68 1035.55 1035.34 1036.52 1037.86 1039.08 1039.0 1038.77 1040.29 1040.06 1039.1 1038.01 1038.55 1041.13 1044.66 1044.87 1042.5 1039.39 1037.64 1037.32 1038.13 1042.63 1038.79 1038.82 1044.21 1047.85 1049.5 1050.88 1050.84 1049.33 1045.85 1041.82 1042.18 1047.35 1051.68 1055.37 1058.35 1060.65 1061.93 1062.19 1061.74 1062.77 1062.66 1061.59 1061.27 1060.92 1060.93 1061.18 1062.89 1063.97 1065.09 1064.47 1063.62 1063.03
1041.44 1042.29 1041.62 1041.12 1041.47 1040.72 1040.21 1040.13 1040.81 1043.04 1043.34 1043.96 1043.69 1042.8 1043.48 1042.05 1040.02 1040.31 1038.99 1039.48 1038.25 1036.69 1035.01 1037.32 1038.39 1038.8 1037.79 1039.45 1041.16 1040.13 1038.46 1037.8 1038.73 1041.26 1043.08 1040.8 1039.03 1037.43 1036.46 1036.12 1038.2 1039.32 1041.22 1045.22 1049.79 1052.2 1053.21 1053.61 1052.87 1050.38 1046.35 1043.73 1046.09 1049.8 1055.73 1061.99 1064.89 1066.11 1066.17 1064.68 1063.72 1062.74 1061.35 1061.83 1062.0 1062.64 1063.52 1064.75 1065.76 1066.7 1067.32 1067.45 1065.89
1041.57 1042.12 1041.94 1040.33 1040.32 1040.7 1040.48 1038.3 1039.91 1043.39 1042.07 1042.28 1043.77 1043.18 1043.0 1042.59 1041.31 1041.21 1039.63 1040.44 1040.27 1040.29 1038.59 1038.49 1038.13 1038.11 1037.24 1037.13 1037.92 1037.88 1037.32 1036.74 1036.62 1037.79 1040.53 1040.98 1039.22 1037.0 1036.59 1036.18 1038.16 1040.72 1045.16 1049.02 1053.24 1055.88 1056.88 1057.18 1056.93 1054.63 1049.84 1045.18 1044.84 1048.41 1056.64 1066.94 1073.92 1074.91 1073.77 1070.18 1067.24 1065.95 1064.06 1064.35 1064.79 1065.22 1066.1 1066.39 1066.97 1067.52 1068.42 1069.01 1067.53
1042.18 1042.67 1043.16 1041.63 1040.42 1040.11 1040.22 1040.08 1041.37 1041.13 1040.41 1040.22 1041.42 1042.3 1041.49 1041.59 1041.02 1041.63 1041.45 1041.64 1040.7 1041.6 1041.31 1040.64 1039.9 1038.77 1037.48 1036.63 1035.19 1034.43 1035.49 1036.39 1036.8 1038.77 1040.02 1041.09 1040.32 1038.7 1038.56 1040.42 1041.31 1043.49 1049.45 1054.06 1057.42 1058.96 1060.21 1060.83 1061.03 1060.1 1057.11 1052.56 1049.24 1049.87 1058.99 1074.45 1090.17 1093.86 1089.06 1080.95 1074.48 1069.98 1067.01 1067.39 1067.42 1067.85 1068.3 1068.68 1068.81 1069.46 1070.11 1069.97 1070.25
1041.36 1041.71 1042.24 1041.87 1040.38 1039.34 1039.8 1040.16 1041.16 1040.91 1040.55 1039.88 1039.68 1040.9 1041.04 1041.24 1040.18 1041.75 1043.15 1043.75 1043.45 1043.67 1043.44 1042.5 1042.12 1040.22 1038.49 1037.08 1036.32 1035.9 1035.76 1036.77 1038.13 1040.44 1041.73 1042.66 1043.54 1043.84 1044.94 1048.07 1047.2 1049.22 1054.97 1058.7 1060.73 1061.2 1062.37 1062.93 1064.08 1064.21 1063.26 1061.25 1058.03 1055.22 1061.11 1078.19 1101.78 1111.96 1105.96 1093.77 1082.17 1074.66 1071.09 1071.24 1070.65 1070.49 1070.67 1071.63 1072.03 1072.53 1072.34 1073.13 1073.95
1040.43 1040.73 1040.5 1040.01 1038.75 1040.15 1040.32 1041.28 1042.24 1042.42 1041.86 1041.49 1041.14 1041.83 1041.8 1041.83 1041.65 1043.06 1044.38 1045.43 1045.66 1045.26 1045.06 1043.59 1043.55 1041.76 1039.92 1038.41 1038.27 1039.04 1038.16 1038.88 1039.64 1041.1 1042.54 1043.99 1046.5 1048.43 1049.49 1052.54 1052.79 1053.51 1057.06 1061.19 1063.51 1063.25 1063.35 1063.73 1065.61 1066.44 1066.21 1065.43 1063.17 1059.66 1064.17 1080.83 1108.74 1120.89 1110.83 1098.93 1084.17 1075.81 1072.34 1071.38 1071.88 1071.94 1073.16 1074.38 1075.16 1075.95 1075.95 1076.45 1076.54
1041.79 1042.28 1040.62 1038.97 1039.16 1040.19 1041.32 1042.97 1044.18 1044.39 1043.01 1042.6 1042.91 1044.06 1044.06 1043.66 1043.58 1044.6 1045.76 1046.29 1046.51 1046.67 1046.5 1045.45 1044.71 1042.8 1040.95 1039.39 1039.32 1040.5 1041.29 1041.81 1042.18 1043.17 1044.2 1045.63 1048.32 1051.44 1053.4 1056.53 1058.47 1060.27 1061.56 1064.65 1066.67 1065.54 1065.57 1066.49 1070.8 1070.41 1068.81 1068.21 1066.34 1062.94 1064.07 1074.25 1095.75 1109.82 1096.9 1088.68 1080.66 1074.58 1072.95 1073.37 1073.84 1073.7 1076.06 1076.33 1077.51 1078.38 1079.6 1079.19 1078.87
1043.13 1042.66 1041.88 1041.67 1041.4 1041.72 1043.62 1045.24 1046.38 1046.48 1045.41 1044.5 1045.17 1046.55 1046.93 1046.62 1045.88 1046.41 1047.38 1047.62 1047.15 1047.51 1047.53 1047.09 1046.67 1045.23 1042.83 1040.87 1040.41 1041.49 1042.9 1044.1 1044.32 1044.97 1045.62 1046.63 1048.85 1051.73 1054.72 1058.09 1064.07 1070.74 1072.57 1075.94 1076.09 1074.1 1076.19 1077.61 1085.33 1079.95 1073.4 1071.45 1069.64 1065.63 1062.78 1065.88 1075.55 1084.04 1080.55 1076.98 1075.28 1074.65 1078.24 1084.93 1080.67 1076.8 1078.16 1078.6 1079.91 1080.36 1082.09 1081.92 1081.6
1042.0 1042.59 1043.3 1044.26 1044.87 1045.47 1046.28 1047.12 1047.85 1048.2 1048.6 1047.71 1047.57 1048.79 1049.18 1048.96 1047.87 1048.11 1048.77 1048.95 1048.47 1048.86 1048.34 1048.48 1048.89 1048.14 1045.55 1042.78 1040.57 1042.62 1044.82 1046.26 1046.16 1046.61 1047.5 1048.25 1049.56 1052.09 1056.19 1062.78 1072.36 1085.51 1093.38 1096.18 1088.06 1085.53 1095.77 1111.95 1112.85 1097.34 1082.63 1076.64 1073.88 1069.65 1063.88 1060.88 1065.79 1071.51 1073.66 1074.31 1075.03 1077.52 1090.02 1101.02 1092.69 1087.08 1083.44 1081.68 1081.87 1082.79 1084.15 1084.65 1083.45
1040.37 1041.96 1043.55 1044.4 1046.2 1048.28 1048.62 1048.92 1049.06 1049.38 1049.9 1049.84 1049.34 1050.1 1050.63 1050.45 1049.81 1049.94 1050.55 1050.71 1050.13 1050.93 1050.23 1049.57 1049.24 1048.97 1047.41 1044.79 1043.25 1044.99 1047.7 1048.84 1047.77 1047.7 1048.97 1050.26 1051.59 1054.28 1060.52 1072.53 1091.51 1113.65 1132.05 1124.51 1103.66 1101.55 1122.61 1146.69 1136.86 1109.55 1086.85 1078.9 1076.91 1074.51 1067.97 1062.9 1064.48 1067.87 1072.64 1077.37 1080.8 1087.15 1108.04 1128.83 1116.25 1103.53 1093.02 1087.0 1085.27 1086.33 1087.89 1088.71 1087.55
1039.96 1041.63 1043.4 1044.7 1046.38 1048.5 1049.46 1049.94 1049.99 1049.95 1050.1 1050.73 1050.91 1051.35 1051.97 1052.12 1051.69 1051.95 1052.9 1054.15 1054.11 1053.47 1052.58 1051.64 1050.56 1049.15 1048.09 1045.83 1043.58 1044.51 1048.61 1051.12 1050.8 1050.16 1050.9 1052.16 1053.65 1057.74 1068.41 1086.35 1116.94 1151.26 1161.4 1145.69 1122.59 1115.03 1127.45 1132.98 1130.07 1108.44 1085.88 1079.81 1078.02 1075.17 1069.82 1065.3 1069.0 1071.02 1076.33 1081.87 1088.43 1100.44 1126.4 1153.19 1138.69 1117.46 1102.56 1094.35 1090.15 1089.57 1089.27 1090.98 1091.91
1040.98 1042.39 1044.34 1046.25 1047.76 1049.18 1049.83 1050.29 1050.44 1050.59 1051.09 1052.35 1053.36 1053.57 1053.86 1054.41 1054.19 1054.03 1054.73 1055.72 1056.75 1056.19 1055.03 1054.01 1053.14 1051.3 1050.04 1048.46 1045.51 1043.61 1048.05 1051.9 1053.39 1053.7 1053.96 1054.5 1056.43 1062.4 1074.71 1097.49 1139.51 1181.37 1177.76 1156.52 1128.95 1113.33 1112.35 1108.15 1106.03 1096.99 1083.67 1078.77 1077.35 1075.69 1071.39 1068.92 1072.8 1074.76 1079.07 1084.93 1094.25 1110.87 1141.87 1177.79 1161.87 1130.01 1110.69 1100.12 1095.87 1094.63 1093.56 1093.89 1095.46
1042.54 1043.77 1046.04 1047.74 1048.68 1049.2 1050.0 1050.25 1050.66 1051.11 1052.49 1054.74 1055.5 1055.62 1055.52 1056.33 1056.74 1056.65 1056.55 1056.23 1057.09 1056.61 1055.04 1054.68 1054.42 1052.75 1051.63 1050.78 1049.01 1046.57 1049.2 1053.11 1055.21 1056.67 1057.22 1057.3 1059.29 1066.76 1080.05 1103.44 1146.04 1187.85 1185.69 1164.82 1138.2 1117.51 1107.39 1101.53 1097.99 1093.76 1087.82 1082.54 1078.52 1075.61 1071.11 1069.29 1073.22 1076.29 1080.62 1086.66 1096.79 1115.27 1150.69 1192.98 1182.53 1150.82 1124.98 1107.61 1100.41 1098.55 1098.34 1098.93 1099.68
1044.25 1045.57 1047.5 1048.44 1048.08 1047.87 1048.07 1049.01 1050.08 1051.11 1053.34 1056.27 1057.07 1057.35 1057.32 1058.33 1058.64 1058.76 1058.75 1058.09 1058.08 1057.65 1056.33 1055.39 1054.54 1053.84 1053.07 1052.08 1050.35 1048.11 1050.1 1053.47 1056.08 1058.56 1060.01 1060.73 1062.42 1068.04 1081.39 1103.29 1142.8 1184.24 1187.69 1172.3 1147.97 1124.83 1111.82 1104.15 1099.52 1095.29 1091.61 1087.4 1082.82 1078.16 1073.61 1072.25 1075.12 1077.76 1080.3 1087.03 1100.05 1122.96 1161.45 1203.53 1196.95 1166.0 1139.94 1118.0 1104.75 1101.22 1102.56 1103.96 1104.65
1044.78 1046.3 1048.23 1047.94 1046.57 1046.21 1047.05 1048.24 1049.89 1051.36 1053.49 1056.78 1058.39 1058.97 1058.86 1058.94 1059.59 1059.99 1059.97 1059.42 1059.17 1059.05 1057.77 1056.46 1055.32 1055.02 1054.62 1053.7 1052.19 1050.21 1051.43 1054.34 1057.34 1060.06 1062.67 1064.53 1065.31 1067.91 1079.53 1098.15 1129.89 1170.46 1191.91 1184.66 1164.68 1138.03 1122.14 1110.54 1101.87 1096.5 1092.35 1089.25 1086.43 1081.66 1075.94 1075.57 1078.91 1080.51 1080.81 1087.3 1101.26 1129.66 1177.18 1216.73 1209.19 1177.39 1146.39 1123.36 1107.69 1107.25 1108.79 1109.89 1112.75
1044.47 1045.39 1047.25 1046.71 1045.31 1045.57 1046.84 1048.4 1050.31 1051.93 1053.88 1056.48 1059.46 1060.21 1059.83 1059.54 1060.41 1060.63 1060.65 1060.26 1060.11 1060.35 1059.01 1057.48 1055.72 1055.43 1055.6 1054.64 1052.98 1050.3 1050.84 1054.71 1058.15 1060.8 1063.61 1066.93 1069.61 1072.21 1079.78 1096.11 1123.22 1162.19 1202.48 1208.46 1186.93 1154.32 1136.67 1119.25 1104.32 1096.71 1092.58 1089.19 1086.94 1084.46 1081.81 1080.59 1084.26 1086.57 1087.96 1091.64 1104.43 1138.96 1190.15 1223.98 1211.94 1176.58 1140.34 1118.9 1108.64 1113.28 1115.21 1117.67 1125.15
1046.15 1044.55 1044.67 1044.51 1044.59 1045.01 1046.61 1048.61 1050.65 1052.64 1054.18 1055.77 1058.61 1060.28 1060.26 1060.92 1061.94 1061.77 1061.65 1060.97 1060.8 1060.78 1060.05 1058.59 1056.94 1055.91 1055.92 1055.31 1053.85 1051.13 1050.63 1054.61 1058.55 1061.38 1064.07 1067.38 1070.68 1074.87 1080.65 1092.89 1111.72 1137.87 1178.62 1209.87 1202.96 1179.71 1158.49 1133.37 1110.16 1100.02 1095.01 1090.6 1086.96 1085.1 1083.12 1083.84 1088.88 1091.99 1095.43 1101.04 1111.41 1138.02 1183.16 1206.82 1203.1 1176.95 1141.04 1117.4 1110.26 1113.93 1118.89 1123.8 1130.51
1048.84 1046.38 1045.05 1043.45 1043.57 1045.11 1047.04 1049.17 1051.23 1053.64 1054.83 1056.03 1057.8 1059.15 1059.95 1061.71 1062.97 1063.18 1063.37 1063.03 1062.37 1061.84 1061.63 1060.33 1059.06 1057.91 1056.98 1056.22 1054.81 1051.73 1049.71 1054.14 1058.25 1061.36 1064.08 1066.89 1069.69 1073.88 1079.28 1088.68 1099.34 1113.06 1139.51 1175.83 1191.25 1188.1 1173.78 1143.31 1112.63 1101.14 1096.04 1092.45 1088.46 1085.51 1081.72 1080.88 1088.21 1093.52 1098.16 1105.05 1116.72 1134.14 1164.46 1178.41 1177.84 1162.14 1134.9 1116.3 1111.37 1112.97 1118.65 1124.41 1128.65
1048.71 1047.1 1046.43 1045.28 1044.46 1046.95 1048.51 1049.92 1051.85 1054.04 1055.4 1056.15 1057.75 1058.89 1060.09 1061.88 1063.37 1063.59 1064.34 1064.39 1064.04 1063.88 1063.79 1062.12 1060.57 1059.58 1058.14 1057.31 1056.33 1054.02 1052.0 1054.44 1057.55 1060.45 1063.25 1066.17 1068.99 1073.47 1079.19 1085.48 1092.3 1104.2 1119.69 1143.26 1167.26 1178.15 1175.33 1152.7 1123.39 1105.51 1097.61 1094.34 1090.75 1087.44 1082.79 1082.0 1087.66 1092.88 1097.84 1103.47 1112.7 1124.05 1139.9 1152.33 1154.51 1144.29 1128.26 1116.65 1114.6 1117.03 1120.4 1125.05 1129.19
1047.99 1046.42 1046.61 1047.43 1046.33 1048.39 1050.12 1051.56 1053.25 1055.0 1056.22 1057.03 1058.58 1059.37 1060.64 1062.08 1063.69 1063.97 1065.36 1065.99 1065.21 1064.95 1064.22 1062.78 1061.34 1060.63 1059.74 1058.62 1057.64 1055.39 1053.34 1054.79 1057.66 1060.05 1062.71 1065.06 1067.53 1071.55 1077.08 1083.56 1089.16 1098.3 1107.93 1126.14 1144.02 1156.46 1155.95 1143.95 1124.61 1109.58 1100.99 1097.95 1094.6 1091.7 1085.09 1082.74 1086.18 1092.55 1099.15 1109.27 1117.48 1123.54 1131.7 1138.41 1141.16 1135.5 1125.81 1119.85 1118.25 1122.64 1125.23 1127.01 1130.33
1047.39 1045.81 1046.24 1046.93 1046.58 1048.33 1050.71 1052.79 1054.74 1056.5 1057.53 1057.96 1059.0 1060.12 1061.6 1062.41 1063.54 1064.11 1065.44 1065.94 1065.17 1065.31 1065.11 1064.34 1063.14 1062.37 1061.75 1061.06 1059.92 1057.55 1055.41 1056.58 1059.32 1061.16 1062.93 1064.96 1067.21 1070.04 1074.22 1079.96 1085.9 1092.86 1100.56 1112.31 1119.45 1128.43 1129.47 1124.3 1116.8 1110.5 1103.16 1099.62 1098.84 1098.01 1091.07 1085.4 1085.4 1093.93 1106.33 1125.74 1146.63 1145.83 1140.42 1137.73 1138.17 1136.22 1130.35 1124.37 1120.57 1121.74 1124.12 1125.55 1128.11
