pygmi/test/grav.asc
ncols 			232
nrows 			481
xllcorner 			-20187.5000000001
yllcorner 			-2823315.0
cellsize 			125.0
nodata_value 		1e+20
[rows 434 to 464 of 481, columns 0 to 70 of 232]
1e+20 1e+20 1e+20 1e+20 1e+20 1e+20 1e+20 1e+20 1e+20 1e+20 1e+20 1e+20 1e+20 1e+20 1e+20 1e+20 1e+20 1e+20 1e+20 -133.92 -133.92 -133.905 -133.829 -133.752 -133.675 -133.598 -133.522 -133.445 -133.368 -133.292 -133.215 -133.138 -133.061 -132.984 -132.907 -132.831 -132.754 -132.677 -132.606 -132.534 -132.463 -132.392 -132.32 -132.249 -132.177 -132.106 -132.045 -131.985 -131.925 -131.865 -131.805 -131.745 -131.685 -131.624 -131.562 -131.5 -131.437 -131.375 -131.313 -131.25 -131.188 -131.125 -131.063 -131.001 -130.939 -130.877 -130.815 -130.753 -130.691 -130.629 -130.573
1e+20 1e+20 1e+20 1e+20 1e+20 1e+20 1e+20 1e+20 1e+20 1e+20 1e+20 1e+20 1e+20 1e+20 1e+20 1e+20 1e+20 1e+20 1e+20 -134.04 -134.04 -134.026 -133.951 -133.875 -133.8 -133.725 -133.65 -133.574 -133.499 -133.424 -133.348 -133.272 -133.196 -133.12 -133.044 -132.968 -132.893 -132.817 -132.746 -132.675 -132.604 -132.533 -132.462 -132.391 -132.321 -132.25 -132.189 -132.128 -132.068 -132.007 -131.947 -131.887 -131.826 -131.766 -131.704 -131.642 -131.58 -131.517 -131.455 -131.393 -131.331 -131.269 -131.207 -131.146 -131.084 -131.022 -130.961 -130.899 -130.838 -130.776 -130.721
1e+20 1e+20 1e+20 1e+20 1e+20 1e+20 1e+20 1e+20 1e+20 1e+20 1e+20 1e+20 1e+20 1e+20 1e+20 1e+20 1e+20 1e+20 1e+20 -134.16 -134.16 -134.146 -134.072 -133.999 -133.925 -133.851 -133.778 -133.704 -133.63 -133.556 -133.481 -133.406 -133.331 -133.256 -133.181 -133.106 -133.031 -132.957 -132.886 -132.816 -132.745 -132.675 -132.605 -132.534 -132.464 -132.393 -132.332 -132.271 -132.211 -132.15 -132.089 -132.029 -131.968 -131.907 -131.845 -131.783 -131.722 -131.66 -131.598 -131.536 -131.474 -131.412 -131.351 -131.29 -131.229 -131.168 -131.107 -131.045 -130.984 -130.923 -130.869
1e+20 1e+20 1e+20 1e+20 1e+20 1e+20 1e+20 1e+20 1e+20 1e+20 1e+20 1e+20 1e+20 1e+20 1e+20 1e+20 1e+20 1e+20 1e+20 -134.28 -134.28 -134.267 -134.194 -134.122 -134.05 -133.978 -133.905 -133.833 -133.761 -133.689 -133.615 -133.54 -133.466 -133.392 -133.318 -133.244 -133.17 -133.096 -133.026 -132.956 -132.887 -132.817 -132.747 -132.677 -132.607 -132.537 -132.476 -132.415 -132.354 -132.293 -132.232 -132.171 -132.11 -132.049 -131.987 -131.925 -131.864 -131.802 -131.74 -131.679 -131.617 -131.555 -131.495 -131.434 -131.373 -131.313 -131.252 -131.192 -131.131 -131.07 -131.016
1e+20 1e+20 1e+20 1e+20 1e+20 1e+20 1e+20 1e+20 1e+20 1e+20 1e+20 1e+20 1e+20 1e+20 1e+20 1e+20 1e+20 1e+20 1e+20 -134.4 -134.4 -134.387 -134.316 -134.245 -134.175 -134.104 -134.033 -133.963 -133.892 -133.821 -133.748 -133.675 -133.602 -133.528 -133.455 -133.382 -133.309 -133.236 -133.167 -133.097 -133.028 -132.958 -132.889 -132.819 -132.75 -132.681 -132.619 -132.558 -132.496 -132.435 -132.374 -132.312 -132.251 -132.19 -132.128 -132.067 -132.006 -131.944 -131.883 -131.821 -131.76 -131.699 -131.638 -131.578 -131.518 -131.458 -131.398 -131.338 -131.278 -131.218 -131.164
1e+20 1e+20 1e+20 1e+20 1e+20 1e+20 1e+20 1e+20 1e+20 1e+20 1e+20 1e+20 1e+20 1e+20 1e+20 1e+20 1e+20 1e+20 1e+20 -134.52 -134.52 -134.507 -134.438 -134.369 -134.3 -134.23 -134.161 -134.092 -134.023 -133.953 -133.881 -133.809 -133.737 -133.664 -133.592 -133.52 -133.448 -133.376 -133.307 -133.238 -133.169 -133.1 -133.031 -132.962 -132.893 -132.824 -132.762 -132.701 -132.639 -132.578 -132.516 -132.454 -132.393 -132.331 -132.27 -132.209 -132.148 -132.087 -132.025 -131.964 -131.903 -131.842 -131.782 -131.722 -131.663 -131.603 -131.544 -131.484 -131.424 -131.365 -131.311
1e+20 1e+20 1e+20 1e+20 1e+20 1e+20 1e+20 1e+20 1e+20 1e+20 1e+20 1e+20 1e+20 1e+20 1e+20 1e+20 1e+20 1e+20 1e+20 -134.639 -134.639 -134.626 -134.559 -134.491 -134.423 -134.355 -134.287 -134.219 -134.151 -134.083 -134.012 -133.941 -133.87 -133.798 -133.727 -133.656 -133.585 -133.514 -133.446 -133.377 -133.309 -133.241 -133.172 -133.104 -133.036 -132.967 -132.906 -132.844 -132.782 -132.721 -132.659 -132.598 -132.536 -132.474 -132.413 -132.352 -132.291 -132.23 -132.169 -132.108 -132.047 -131.986 -131.926 -131.867 -131.808 -131.748 -131.689 -131.629 -131.57 -131.51 -131.457
1e+20 1e+20 1e+20 1e+20 1e+20 1e+20 1e+20 1e+20 1e+20 1e+20 1e+20 1e+20 1e+20 1e+20 1e+20 1e+20 1e+20 1e+20 1e+20 -134.758 -134.758 -134.745 -134.678 -134.612 -134.545 -134.479 -134.412 -134.346 -134.279 -134.212 -134.142 -134.072 -134.002 -133.932 -133.862 -133.792 -133.721 -133.651 -133.584 -133.516 -133.449 -133.381 -133.313 -133.246 -133.178 -133.11 -133.049 -132.987 -132.926 -132.864 -132.802 -132.741 -132.679 -132.618 -132.557 -132.496 -132.435 -132.374 -132.313 -132.252 -132.191 -132.131 -132.071 -132.012 -131.952 -131.893 -131.834 -131.774 -131.715 -131.656 -131.603
1e+20 1e+20 1e+20 1e+20 1e+20 1e+20 1e+20 1e+20 1e+20 1e+20 1e+20 1e+20 1e+20 1e+20 1e+20 1e+20 1e+20 1e+20 1e+20 -134.876 -134.876 -134.864 -134.798 -134.733 -134.668 -134.603 -134.537 -134.472 -134.407 -134.341 -134.272 -134.203 -134.134 -134.065 -133.996 -133.927 -133.858 -133.789 -133.722 -133.655 -133.588 -133.521 -133.454 -133.387 -133.32 -133.254 -133.192 -133.13 -133.069 -133.007 -132.946 -132.884 -132.823 -132.761 -132.701 -132.64 -132.579 -132.518 -132.457 -132.397 -132.336 -132.275 -132.215 -132.156 -132.097 -132.038 -131.979 -131.919 -131.86 -131.801 -131.748
1e+20 1e+20 1e+20 1e+20 1e+20 1e+20 1e+20 1e+20 1e+20 1e+20 1e+20 1e+20 1e+20 1e+20 1e+20 1e+20 1e+20 1e+20 1e+20 -134.994 -134.994 -134.982 -134.918 -134.854 -134.79 -134.726 -134.663 -134.599 -134.535 -134.47 -134.402 -134.334 -134.266 -134.198 -134.13 -134.062 -133.994 -133.927 -133.86 -133.794 -133.728 -133.662 -133.595 -133.529 -133.463 -133.397 -133.335 -133.273 -133.212 -133.151 -133.089 -133.028 -132.966 -132.905 -132.844 -132.784 -132.723 -132.662 -132.601 -132.541 -132.48 -132.419 -132.36 -132.301 -132.242 -132.183 -132.124 -132.065 -132.006 -131.946 -131.894
1e+20 1e+20 1e+20 1e+20 1e+20 1e+20 1e+20 1e+20 1e+20 1e+20 1e+20 1e+20 1e+20 1e+20 1e+20 1e+20 1e+20 1e+20 1e+20 -135.113 -135.113 -135.101 -135.038 -134.976 -134.913 -134.85 -134.788 -134.725 -134.662 -134.599 -134.532 -134.466 -134.399 -134.332 -134.265 -134.198 -134.131 -134.064 -133.999 -133.933 -133.867 -133.802 -133.736 -133.671 -133.605 -133.54 -133.478 -133.417 -133.355 -133.294 -133.233 -133.171 -133.11 -133.049 -132.988 -132.927 -132.867 -132.806 -132.746 -132.685 -132.624 -132.564 -132.504 -132.446 -132.387 -132.328 -132.269 -132.21 -132.151 -132.092 -132.039
1e+20 1e+20 1e+20 1e+20 1e+20 1e+20 1e+20 1e+20 1e+20 1e+20 1e+20 1e+20 1e+20 1e+20 1e+20 1e+20 1e+20 1e+20 1e+20 -135.231 -135.231 -135.219 -135.158 -135.097 -135.035 -134.974 -134.913 -134.851 -134.79 -134.728 -134.663 -134.597 -134.531 -134.465 -134.399 -134.333 -134.268 -134.202 -134.137 -134.072 -134.007 -133.942 -133.877 -133.812 -133.747 -133.683 -133.621 -133.56 -133.499 -133.437 -133.376 -133.315 -133.253 -133.192 -133.132 -133.071 -133.011 -132.95 -132.89 -132.829 -132.769 -132.708 -132.649 -132.59 -132.531 -132.472 -132.414 -132.355 -132.296 -132.237 -132.184
1e+20 1e+20 1e+20 1e+20 1e+20 1e+20 1e+20 1e+20 1e+20 1e+20 1e+20 1e+20 1e+20 1e+20 1e+20 1e+20 1e+20 1e+20 1e+20 -135.349 -135.349 -135.338 -135.278 -135.218 -135.158 -135.098 -135.038 -134.978 -134.918 -134.857 -134.793 -134.728 -134.663 -134.598 -134.534 -134.469 -134.404 -134.339 -134.275 -134.211 -134.147 -134.082 -134.018 -133.954 -133.89 -133.826 -133.764 -133.703 -133.642 -133.581 -133.519 -133.458 -133.397 -133.336 -133.275 -133.215 -133.155 -133.094 -133.034 -132.973 -132.913 -132.853 -132.794 -132.735 -132.676 -132.617 -132.559 -132.5 -132.441 -132.382 -132.33
1e+20 1e+20 1e+20 1e+20 1e+20 1e+20 1e+20 1e+20 1e+20 1e+20 1e+20 1e+20 1e+20 1e+20 1e+20 1e+20 1e+20 1e+20 1e+20 -135.468 -135.468 -135.457 -135.398 -135.339 -135.28 -135.222 -135.163 -135.104 -135.046 -134.986 -134.923 -134.859 -134.795 -134.732 -134.668 -134.604 -134.541 -134.477 -134.413 -134.35 -134.286 -134.223 -134.159 -134.096 -134.032 -133.969 -133.907 -133.846 -133.785 -133.724 -133.663 -133.602 -133.541 -133.479 -133.419 -133.359 -133.298 -133.238 -133.178 -133.118 -133.057 -132.997 -132.938 -132.879 -132.821 -132.762 -132.704 -132.645 -132.586 -132.528 -132.475
1e+20 1e+20 1e+20 1e+20 1e+20 1e+20 1e+20 1e+20 1e+20 1e+20 1e+20 1e+20 1e+20 1e+20 1e+20 1e+20 1e+20 1e+20 1e+20 -135.586 -135.586 -135.575 -135.518 -135.46 -135.403 -135.345 -135.288 -135.23 -135.173 -135.115 -135.052 -134.989 -134.927 -134.864 -134.801 -134.738 -134.676 -134.613 -134.55 -134.487 -134.424 -134.361 -134.298 -134.236 -134.173 -134.11 -134.049 -133.988 -133.927 -133.866 -133.805 -133.744 -133.682 -133.621 -133.561 -133.501 -133.441 -133.38 -133.32 -133.26 -133.199 -133.139 -133.08 -133.021 -132.962 -132.904 -132.845 -132.786 -132.727 -132.668 -132.616
1e+20 1e+20 1e+20 1e+20 1e+20 1e+20 1e+20 1e+20 1e+20 1e+20 1e+20 1e+20 1e+20 1e+20 1e+20 1e+20 1e+20 1e+20 1e+20 -135.705 -135.705 -135.694 -135.637 -135.581 -135.525 -135.469 -135.412 -135.356 -135.3 -135.243 -135.181 -135.119 -135.057 -134.995 -134.934 -134.872 -134.81 -134.748 -134.686 -134.624 -134.561 -134.499 -134.437 -134.375 -134.312 -134.25 -134.189 -134.128 -134.067 -134.006 -133.945 -133.885 -133.824 -133.763 -133.702 -133.642 -133.582 -133.522 -133.461 -133.401 -133.341 -133.28 -133.221 -133.162 -133.103 -133.043 -132.984 -132.925 -132.866 -132.807 -132.753
1e+20 1e+20 1e+20 1e+20 1e+20 1e+20 1e+20 1e+20 1e+20 1e+20 1e+20 1e+20 1e+20 1e+20 1e+20 1e+20 1e+20 1e+20 1e+20 -135.823 -135.823 -135.812 -135.757 -135.702 -135.647 -135.592 -135.537 -135.482 -135.426 -135.371 -135.31 -135.249 -135.188 -135.127 -135.066 -135.005 -134.944 -134.883 -134.822 -134.76 -134.699 -134.637 -134.575 -134.514 -134.452 -134.39 -134.33 -134.269 -134.208 -134.147 -134.086 -134.026 -133.965 -133.904 -133.844 -133.783 -133.723 -133.663 -133.602 -133.542 -133.482 -133.421 -133.362 -133.302 -133.243 -133.183 -133.123 -133.064 -133.004 -132.945 -132.891
1e+20 1e+20 1e+20 1e+20 1e+20 1e+20 1e+20 1e+20 1e+20 1e+20 1e+20 1e+20 1e+20 1e+20 1e+20 1e+20 1e+20 1e+20 1e+20 -135.941 -135.941 -135.931 -135.877 -135.823 -135.769 -135.715 -135.661 -135.607 -135.553 -135.498 -135.439 -135.379 -135.319 -135.259 -135.199 -135.139 -135.079 -135.019 -134.958 -134.897 -134.836 -134.775 -134.714 -134.653 -134.592 -134.531 -134.47 -134.409 -134.349 -134.288 -134.227 -134.167 -134.106 -134.046 -133.985 -133.925 -133.864 -133.804 -133.744 -133.683 -133.623 -133.563 -133.503 -133.443 -133.383 -133.323 -133.263 -133.203 -133.143 -133.083 -133.029
1e+20 1e+20 1e+20 1e+20 1e+20 1e+20 1e+20 1e+20 1e+20 1e+20 1e+20 1e+20 1e+20 1e+20 1e+20 1e+20 1e+20 1e+20 1e+20 -136.06 -136.06 -136.05 -135.997 -135.944 -135.891 -135.838 -135.786 -135.733 -135.68 -135.626 -135.567 -135.508 -135.449 -135.39 -135.331 -135.272 -135.213 -135.154 -135.094 -135.033 -134.973 -134.912 -134.852 -134.792 -134.731 -134.671 -134.61 -134.55 -134.489 -134.429 -134.368 -134.308 -134.247 -134.187 -134.126 -134.066 -134.006 -133.945 -133.885 -133.824 -133.764 -133.704 -133.643 -133.583 -133.523 -133.463 -133.402 -133.342 -133.282 -133.221 -133.167
1e+20 1e+20 1e+20 1e+20 1e+20 1e+20 1e+20 1e+20 1e+20 1e+20 1e+20 1e+20 1e+20 1e+20 1e+20 1e+20 1e+20 1e+20 1e+20 -136.178 -136.178 -136.168 -136.117 -136.065 -136.013 -135.962 -135.91 -135.858 -135.807 -135.754 -135.696 -135.638 -135.58 -135.522 -135.464 -135.406 -135.348 -135.289 -135.23 -135.17 -135.11 -135.05 -134.991 -134.931 -134.871 -134.811 -134.751 -134.69 -134.63 -134.57 -134.509 -134.449 -134.389 -134.328 -134.268 -134.207 -134.147 -134.087 -134.026 -133.966 -133.905 -133.845 -133.784 -133.724 -133.663 -133.602 -133.542 -133.481 -133.42 -133.36 -133.305
1e+20 1e+20 1e+20 1e+20 1e+20 1e+20 1e+20 1e+20 1e+20 1e+20 1e+20 1e+20 1e+20 1e+20 1e+20 1e+20 1e+20 1e+20 1e+20 -136.297 -136.297 -136.287 -136.236 -136.186 -136.135 -136.085 -136.034 -135.984 -135.934 -135.882 -135.825 -135.768 -135.711 -135.654 -135.596 -135.539 -135.482 -135.425 -135.366 -135.306 -135.247 -135.188 -135.129 -135.07 -135.011 -134.951 -134.891 -134.831 -134.771 -134.711 -134.65 -134.59 -134.53 -134.47 -134.409 -134.349 -134.288 -134.228 -134.167 -134.107 -134.046 -133.986 -133.925 -133.864 -133.803 -133.742 -133.681 -133.62 -133.559 -133.498 -133.443
1e+20 1e+20 1e+20 1e+20 1e+20 1e+20 1e+20 1e+20 1e+20 1e+20 1e+20 1e+20 1e+20 1e+20 1e+20 1e+20 1e+20 1e+20 1e+20 -136.415 -136.415 -136.406 -136.356 -136.307 -136.258 -136.208 -136.159 -136.11 -136.06 -136.01 -135.954 -135.898 -135.841 -135.785 -135.729 -135.673 -135.616 -135.56 -135.501 -135.443 -135.384 -135.326 -135.267 -135.209 -135.15 -135.092 -135.032 -134.972 -134.912 -134.851 -134.791 -134.731 -134.671 -134.611 -134.551 -134.49 -134.43 -134.369 -134.309 -134.248 -134.188 -134.127 -134.066 -134.005 -133.943 -133.882 -133.82 -133.759 -133.698 -133.636 -133.581
1e+20 1e+20 1e+20 1e+20 1e+20 1e+20 1e+20 1e+20 1e+20 1e+20 1e+20 1e+20 1e+20 1e+20 1e+20 1e+20 1e+20 1e+20 1e+20 -136.535 -136.535 -136.526 -136.477 -136.429 -136.381 -136.332 -136.284 -136.236 -136.187 -136.138 -136.083 -136.027 -135.972 -135.916 -135.861 -135.805 -135.75 -135.694 -135.636 -135.578 -135.52 -135.462 -135.404 -135.346 -135.287 -135.229 -135.169 -135.109 -135.049 -134.989 -134.929 -134.868 -134.808 -134.748 -134.687 -134.627 -134.566 -134.506 -134.445 -134.384 -134.324 -134.263 -134.201 -134.139 -134.077 -134.015 -133.953 -133.891 -133.829 -133.767 -133.711
1e+20 1e+20 1e+20 1e+20 1e+20 1e+20 1e+20 1e+20 1e+20 1e+20 1e+20 1e+20 1e+20 1e+20 1e+20 1e+20 1e+20 1e+20 1e+20 -136.656 -136.656 -136.647 -136.599 -136.552 -136.504 -136.457 -136.41 -136.362 -136.315 -136.266 -136.212 -136.157 -136.102 -136.047 -135.992 -135.937 -135.882 -135.827 -135.77 -135.712 -135.654 -135.596 -135.538 -135.481 -135.423 -135.365 -135.305 -135.244 -135.184 -135.124 -135.063 -135.003 -134.942 -134.882 -134.821 -134.761 -134.7 -134.639 -134.578 -134.517 -134.456 -134.396 -134.333 -134.271 -134.208 -134.145 -134.082 -134.019 -133.957 -133.894 -133.837
1e+20 1e+20 1e+20 1e+20 1e+20 1e+20 1e+20 1e+20 1e+20 1e+20 1e+20 1e+20 1e+20 1e+20 1e+20 1e+20 1e+20 1e+20 1e+20 -136.776 -136.776 -136.768 -136.721 -136.675 -136.628 -136.582 -136.535 -136.488 -136.442 -136.395 -136.34 -136.286 -136.232 -136.178 -136.123 -136.069 -136.015 -135.961 -135.903 -135.846 -135.788 -135.731 -135.673 -135.616 -135.558 -135.501 -135.44 -135.38 -135.319 -135.258 -135.198 -135.137 -135.077 -135.016 -134.955 -134.894 -134.833 -134.772 -134.711 -134.65 -134.589 -134.528 -134.465 -134.402 -134.338 -134.275 -134.211 -134.148 -134.084 -134.02 -133.963
1e+20 1e+20 1e+20 1e+20 1e+20 1e+20 1e+20 1e+20 1e+20 1e+20 1e+20 1e+20 1e+20 1e+20 1e+20 1e+20 1e+20 1e+20 1e+20 -136.897 -136.897 -136.889 -136.843 -136.797 -136.752 -136.706 -136.661 -136.615 -136.569 -136.523 -136.469 -136.416 -136.362 -136.308 -136.255 -136.201 -136.148 -136.094 -136.037 -135.979 -135.922 -135.865 -135.808 -135.751 -135.694 -135.636 -135.576 -135.515 -135.454 -135.393 -135.333 -135.272 -135.211 -135.15 -135.089 -135.028 -134.967 -134.906 -134.844 -134.783 -134.722 -134.661 -134.597 -134.533 -134.468 -134.404 -134.34 -134.276 -134.211 -134.147 -134.089
1e+20 1e+20 1e+20 1e+20 1e+20 1e+20 1e+20 1e+20 1e+20 1e+20 1e+20 1e+20 1e+20 1e+20 1e+20 1e+20 1e+20 1e+20 1e+20 -137.018 -137.018 -137.01 -136.965 -136.92 -136.875 -136.831 -136.786 -136.741 -136.697 -136.651 -136.598 -136.545 -136.492 -136.439 -136.386 -136.333 -136.28 -136.227 -136.17 -136.113 -136.056 -136.0 -135.943 -135.886 -135.829 -135.772 -135.711 -135.65 -135.589 -135.528 -135.467 -135.406 -135.345 -135.284 -135.223 -135.162 -135.1 -135.039 -134.977 -134.916 -134.855 -134.793 -134.729 -134.664 -134.599 -134.534 -134.469 -134.404 -134.339 -134.273 -134.215
1e+20 1e+20 1e+20 1e+20 1e+20 1e+20 1e+20 1e+20 1e+20 1e+20 1e+20 1e+20 1e+20 1e+20 1e+20 1e+20 1e+20 1e+20 1e+20 -137.139 -137.139 -137.131 -137.087 -137.043 -136.999 -136.955 -136.911 -136.868 -136.824 -136.779 -136.727 -136.674 -136.622 -136.57 -136.517 -136.465 -136.413 -136.36 -136.304 -136.247 -136.191 -136.134 -136.077 -136.021 -135.964 -135.908 -135.847 -135.786 -135.724 -135.663 -135.602 -135.541 -135.48 -135.418 -135.357 -135.295 -135.234 -135.172 -135.111 -135.049 -134.987 -134.926 -134.861 -134.795 -134.729 -134.663 -134.598 -134.532 -134.466 -134.4 -134.341
1e+20 1e+20 1e+20 1e+20 1e+20 1e+20 1e+20 1e+20 1e+20 1e+20 1e+20 1e+20 1e+20 1e+20 1e+20 1e+20 1e+20 1e+20 1e+20 1e+20 1e+20 1e+20 1e+20 1e+20 1e+20 1e+20 1e+20 1e+20 1e+20 1e+20 1e+20 1e+20 1e+20 1e+20 1e+20 1e+20 1e+20 1e+20 1e+20 1e+20 1e+20 1e+20 1e+20 1e+20 1e+20 1e+20 1e+20 1e+20 1e+20 1e+20 1e+20 1e+20 1e+20 1e+20 1e+20 1e+20 1e+20 1e+20 1e+20 1e+20 1e+20 1e+20 1e+20 1e+20 1e+20 1e+20 1e+20 1e+20 1e+20 1e+20 1e+20
1e+20 1e+20 1e+20 1e+20 1e+20 1e+20 1e+20 1e+20 1e+20 1e+20 1e+20 1e+20 1e+20 1e+20 1e+20 1e+20 1e+20 1e+20 1e+20 1e+20 1e+20 1e+20 1e+20 1e+20 1e+20 1e+20 1e+20 1e+20 1e+20 1e+20 1e+20 1e+20 1e+20 1e+20 1e+20 1e+20 1e+20 1e+20 1e+20 1e+20 1e+20 1e+20 1e+20 1e+20 1e+20 1e+20 1e+20 1e+20 1e+20 1e+20 1e+20 1e+20 1e+20 1e+20 1e+20 1e+20 1e+20 1e+20 1e+20 1e+20 1e+20 1e+20 1e+20 1e+20 1e+20 1e+20 1e+20 1e+20 1e+20 1e+20 1e+20
1e+20 1e+20 1e+20 1e+20 1e+20 1e+20 1e+20 1e+20 1e+20 1e+20 1e+20 1e+20 1e+20 1e+20 1e+20 1e+20 1e+20 1e+20 1e+20 1e+20 1e+20 1e+20 1e+20 1e+20 1e+20 1e+20 1e+20 1e+20 1e+20 1e+20 1e+20 1e+20 1e+20 1e+20 1e+20 1e+20 1e+20 1e+20 1e+20 1e+20 1e+20 1e+20 1e+20 1e+20 1e+20 1e+20 1e+20 1e+20 1e+20 1e+20 1e+20 1e+20 1e+20 1e+20 1e+20 1e+20 1e+20 1e+20 1e+20 1e+20 1e+20 1e+20 1e+20 1e+20 1e+20 1e+20 1e+20 1e+20 1e+20 1e+20 1e+20
