pygmi/test/grav.asc
ncols 			232
nrows 			481
xllcorner 			-20187.5000000001
yllcorner 			-2823315.0
cellsize 			125.0
nodata_value 		1e+20
[rows 62 to 92 of 481, columns 0 to 70 of 232]
1e+20 1e+20 1e+20 1e+20 1e+20 1e+20 1e+20 1e+20 1e+20 1e+20 1e+20 1e+20 1e+20 1e+20 1e+20 1e+20 1e+20 1e+20 1e+20 1e+20 -135.67 -135.677 -135.713 -135.749 -135.785 -135.821 -135.857 -135.893 -135.929 -135.965 -136.002 -136.039 -136.077 -136.114 -136.151 -136.188 -136.226 -136.264 -136.325 -136.387 -136.449 -136.511 -136.572 -136.634 -136.696 -136.758 -136.838 -136.92 -137.002 -137.083 -137.165 -137.246 -137.328 -137.41 -137.496 -137.583 -137.67 -137.757 -137.845 -137.932 -138.019 -138.106 -138.032 -137.917 -137.802 -137.687 -137.572 -137.457 -137.341 -137.226 -137.094
1e+20 1e+20 1e+20 1e+20 1e+20 1e+20 1e+20 1e+20 1e+20 1e+20 1e+20 1e+20 1e+20 1e+20 1e+20 1e+20 1e+20 1e+20 1e+20 1e+20 -135.545 -135.551 -135.584 -135.617 -135.65 -135.684 -135.717 -135.75 -135.783 -135.816 -135.85 -135.885 -135.919 -135.953 -135.987 -136.022 -136.056 -136.091 -136.15 -136.21 -136.27 -136.329 -136.389 -136.448 -136.508 -136.567 -136.646 -136.725 -136.804 -136.883 -136.962 -137.042 -137.121 -137.2 -137.286 -137.372 -137.459 -137.545 -137.632 -137.719 -137.805 -137.892 -137.82 -137.708 -137.595 -137.483 -137.371 -137.258 -137.146 -137.034 -136.906
1e+20 1e+20 1e+20 1e+20 1e+20 1e+20 1e+20 1e+20 1e+20 1e+20 1e+20 1e+20 1e+20 1e+20 1e+20 1e+20 1e+20 1e+20 1e+20 1e+20 -135.42 -135.425 -135.456 -135.486 -135.516 -135.546 -135.577 -135.607 -135.637 -135.667 -135.699 -135.73 -135.761 -135.792 -135.824 -135.855 -135.886 -135.918 -135.976 -136.033 -136.09 -136.148 -136.205 -136.262 -136.32 -136.377 -136.453 -136.53 -136.606 -136.683 -136.76 -136.837 -136.914 -136.991 -137.075 -137.161 -137.247 -137.333 -137.419 -137.505 -137.591 -137.677 -137.608 -137.498 -137.389 -137.279 -137.17 -137.06 -136.951 -136.841 -136.717
1e+20 1e+20 1e+20 1e+20 1e+20 1e+20 1e+20 1e+20 1e+20 1e+20 1e+20 1e+20 1e+20 1e+20 1e+20 1e+20 1e+20 1e+20 1e+20 1e+20 -135.294 -135.3 -135.327 -135.354 -135.382 -135.409 -135.437 -135.464 -135.491 -135.519 -135.547 -135.575 -135.603 -135.632 -135.66 -135.688 -135.716 -135.745 -135.801 -135.856 -135.911 -135.966 -136.021 -136.076 -136.131 -136.186 -136.26 -136.334 -136.409 -136.483 -136.558 -136.632 -136.707 -136.781 -136.865 -136.95 -137.036 -137.121 -137.207 -137.292 -137.378 -137.463 -137.396 -137.289 -137.182 -137.076 -136.969 -136.862 -136.756 -136.649 -136.529
1e+20 1e+20 1e+20 1e+20 1e+20 1e+20 1e+20 1e+20 1e+20 1e+20 1e+20 1e+20 1e+20 1e+20 1e+20 1e+20 1e+20 1e+20 1e+20 1e+20 -135.169 -135.174 -135.198 -135.223 -135.247 -135.272 -135.296 -135.321 -135.346 -135.37 -135.395 -135.421 -135.446 -135.471 -135.496 -135.521 -135.547 -135.573 -135.626 -135.678 -135.731 -135.784 -135.837 -135.89 -135.943 -135.996 -136.067 -136.139 -136.211 -136.283 -136.355 -136.427 -136.499 -136.571 -136.655 -136.74 -136.824 -136.909 -136.994 -137.079 -137.164 -137.249 -137.183 -137.08 -136.976 -136.872 -136.768 -136.664 -136.561 -136.457 -136.341
1e+20 1e+20 1e+20 1e+20 1e+20 1e+20 1e+20 1e+20 1e+20 1e+20 1e+20 1e+20 1e+20 1e+20 1e+20 1e+20 1e+20 1e+20 1e+20 1e+20 -135.044 -135.048 -135.07 -135.091 -135.113 -135.135 -135.156 -135.178 -135.2 -135.222 -135.244 -135.266 -135.288 -135.31 -135.332 -135.355 -135.377 -135.4 -135.451 -135.501 -135.552 -135.603 -135.653 -135.704 -135.755 -135.805 -135.874 -135.944 -136.014 -136.083 -136.153 -136.223 -136.292 -136.362 -136.444 -136.529 -136.613 -136.697 -136.781 -136.866 -136.95 -137.034 -136.971 -136.87 -136.769 -136.668 -136.567 -136.466 -136.365 -136.264 -136.152
1e+20 1e+20 1e+20 1e+20 1e+20 1e+20 1e+20 1e+20 1e+20 1e+20 1e+20 1e+20 1e+20 1e+20 1e+20 1e+20 1e+20 1e+20 1e+20 1e+20 -134.921 -134.925 -134.944 -134.962 -134.981 -135.0 -135.019 -135.038 -135.057 -135.075 -135.094 -135.113 -135.132 -135.151 -135.17 -135.189 -135.207 -135.227 -135.274 -135.32 -135.366 -135.412 -135.459 -135.505 -135.551 -135.598 -135.66 -135.722 -135.785 -135.848 -135.91 -135.973 -136.036 -136.098 -136.172 -136.248 -136.323 -136.399 -136.474 -136.55 -136.625 -136.701 -136.645 -136.555 -136.465 -136.375 -136.285 -136.196 -136.106 -136.016 -135.914
1e+20 1e+20 1e+20 1e+20 1e+20 1e+20 1e+20 1e+20 1e+20 1e+20 1e+20 1e+20 1e+20 1e+20 1e+20 1e+20 1e+20 1e+20 1e+20 1e+20 -134.802 -134.805 -134.821 -134.837 -134.853 -134.869 -134.886 -134.902 -134.918 -134.933 -134.949 -134.964 -134.979 -134.994 -135.009 -135.024 -135.039 -135.055 -135.093 -135.132 -135.17 -135.209 -135.247 -135.286 -135.324 -135.363 -135.411 -135.459 -135.508 -135.557 -135.605 -135.654 -135.702 -135.751 -135.804 -135.858 -135.912 -135.966 -136.02 -136.074 -136.128 -136.182 -136.141 -136.075 -136.009 -135.944 -135.878 -135.812 -135.747 -135.681 -135.597
1e+20 1e+20 1e+20 1e+20 1e+20 1e+20 1e+20 1e+20 1e+20 1e+20 1e+20 1e+20 1e+20 1e+20 1e+20 1e+20 1e+20 1e+20 1e+20 1e+20 -134.684 -134.686 -134.699 -134.712 -134.726 -134.739 -134.752 -134.765 -134.779 -134.791 -134.803 -134.814 -134.825 -134.836 -134.848 -134.859 -134.87 -134.882 -134.913 -134.943 -134.974 -135.005 -135.036 -135.066 -135.097 -135.128 -135.162 -135.196 -135.231 -135.266 -135.3 -135.335 -135.369 -135.404 -135.436 -135.469 -135.501 -135.534 -135.566 -135.598 -135.631 -135.663 -135.637 -135.595 -135.554 -135.512 -135.47 -135.429 -135.387 -135.346 -135.28
1e+20 1e+20 1e+20 1e+20 1e+20 1e+20 1e+20 1e+20 1e+20 1e+20 1e+20 1e+20 1e+20 1e+20 1e+20 1e+20 1e+20 1e+20 1e+20 1e+20 -134.565 -134.567 -134.577 -134.588 -134.598 -134.608 -134.619 -134.629 -134.639 -134.649 -134.657 -134.664 -134.672 -134.679 -134.687 -134.694 -134.702 -134.71 -134.732 -134.755 -134.778 -134.801 -134.824 -134.847 -134.87 -134.893 -134.913 -134.934 -134.954 -134.974 -134.995 -135.015 -135.036 -135.056 -135.068 -135.079 -135.09 -135.101 -135.112 -135.123 -135.134 -135.144 -135.133 -135.115 -135.098 -135.08 -135.063 -135.046 -135.028 -135.011 -134.963
1e+20 1e+20 1e+20 1e+20 1e+20 1e+20 1e+20 1e+20 1e+20 1e+20 1e+20 1e+20 1e+20 1e+20 1e+20 1e+20 1e+20 1e+20 1e+20 1e+20 -134.446 -134.447 -134.455 -134.463 -134.47 -134.478 -134.485 -134.493 -134.5 -134.508 -134.511 -134.515 -134.518 -134.522 -134.526 -134.529 -134.533 -134.537 -134.552 -134.567 -134.582 -134.597 -134.612 -134.627 -134.643 -134.658 -134.664 -134.671 -134.677 -134.683 -134.69 -134.696 -134.703 -134.709 -134.7 -134.69 -134.679 -134.668 -134.658 -134.647 -134.636 -134.626 -134.629 -134.635 -134.642 -134.649 -134.655 -134.662 -134.669 -134.675 -134.647
1e+20 1e+20 1e+20 1e+20 1e+20 1e+20 1e+20 1e+20 1e+20 1e+20 1e+20 1e+20 1e+20 1e+20 1e+20 1e+20 1e+20 1e+20 1e+20 1e+20 -134.327 -134.328 -134.333 -134.338 -134.342 -134.347 -134.352 -134.357 -134.361 -134.366 -134.365 -134.365 -134.365 -134.365 -134.365 -134.365 -134.364 -134.364 -134.372 -134.379 -134.386 -134.394 -134.401 -134.408 -134.415 -134.423 -134.416 -134.408 -134.4 -134.392 -134.385 -134.377 -134.369 -134.362 -134.332 -134.3 -134.268 -134.236 -134.204 -134.171 -134.139 -134.107 -134.125 -134.156 -134.186 -134.217 -134.248 -134.279 -134.31 -134.34 -134.33
1e+20 1e+20 1e+20 1e+20 1e+20 1e+20 1e+20 1e+20 1e+20 1e+20 1e+20 1e+20 1e+20 1e+20 1e+20 1e+20 1e+20 1e+20 1e+20 1e+20 -134.208 -134.209 -134.211 -134.213 -134.215 -134.216 -134.218 -134.22 -134.222 -134.224 -134.22 -134.216 -134.212 -134.208 -134.204 -134.2 -134.196 -134.192 -134.191 -134.191 -134.19 -134.19 -134.189 -134.189 -134.188 -134.188 -134.167 -134.145 -134.123 -134.101 -134.08 -134.058 -134.036 -134.014 -133.964 -133.911 -133.857 -133.803 -133.749 -133.696 -133.642 -133.588 -133.621 -133.676 -133.731 -133.786 -133.84 -133.895 -133.95 -134.005 -134.013
1e+20 1e+20 1e+20 1e+20 1e+20 1e+20 1e+20 1e+20 1e+20 1e+20 1e+20 1e+20 1e+20 1e+20 1e+20 1e+20 1e+20 1e+20 1e+20 1e+20 -134.09 -134.089 -134.089 -134.088 -134.087 -134.086 -134.085 -134.084 -134.083 -134.082 -134.074 -134.066 -134.058 -134.05 -134.043 -134.035 -134.027 -134.019 -134.011 -134.003 -133.994 -133.986 -133.978 -133.969 -133.961 -133.953 -133.918 -133.882 -133.846 -133.81 -133.774 -133.739 -133.703 -133.667 -133.596 -133.521 -133.446 -133.371 -133.295 -133.22 -133.145 -133.069 -133.117 -133.196 -133.275 -133.354 -133.433 -133.512 -133.591 -133.67 -133.696
1e+20 1e+20 1e+20 1e+20 1e+20 1e+20 1e+20 1e+20 1e+20 1e+20 1e+20 1e+20 1e+20 1e+20 1e+20 1e+20 1e+20 1e+20 1e+20 1e+20 -133.971 -133.97 -133.966 -133.963 -133.959 -133.955 -133.952 -133.948 -133.944 -133.94 -133.929 -133.917 -133.906 -133.895 -133.884 -133.872 -133.861 -133.85 -133.835 -133.82 -133.805 -133.791 -133.776 -133.761 -133.746 -133.731 -133.687 -133.64 -133.594 -133.548 -133.501 -133.455 -133.409 -133.362 -133.279 -133.191 -133.102 -133.013 -132.925 -132.836 -132.748 -132.659 -132.717 -132.812 -132.907 -133.002 -133.097 -133.191 -133.286 -133.381 -133.421
1e+20 1e+20 1e+20 1e+20 1e+20 1e+20 1e+20 1e+20 1e+20 1e+20 1e+20 1e+20 1e+20 1e+20 1e+20 1e+20 1e+20 1e+20 1e+20 1e+20 -133.851 -133.85 -133.844 -133.837 -133.831 -133.825 -133.819 -133.812 -133.806 -133.799 -133.785 -133.771 -133.757 -133.743 -133.729 -133.714 -133.7 -133.686 -133.668 -133.65 -133.632 -133.613 -133.595 -133.577 -133.559 -133.541 -133.493 -133.445 -133.396 -133.347 -133.299 -133.25 -133.201 -133.153 -133.073 -132.99 -132.906 -132.822 -132.738 -132.655 -132.571 -132.487 -132.544 -132.637 -132.73 -132.823 -132.916 -133.009 -133.102 -133.195 -133.237
1e+20 1e+20 1e+20 1e+20 1e+20 1e+20 1e+20 1e+20 1e+20 1e+20 1e+20 1e+20 1e+20 1e+20 1e+20 1e+20 1e+20 1e+20 1e+20 1e+20 -133.732 -133.73 -133.721 -133.712 -133.703 -133.694 -133.685 -133.676 -133.668 -133.658 -133.641 -133.624 -133.607 -133.59 -133.573 -133.557 -133.54 -133.523 -133.501 -133.48 -133.458 -133.436 -133.415 -133.393 -133.371 -133.35 -133.3 -133.249 -133.198 -133.147 -133.096 -133.045 -132.994 -132.943 -132.867 -132.789 -132.71 -132.631 -132.552 -132.473 -132.394 -132.315 -132.372 -132.463 -132.554 -132.645 -132.736 -132.827 -132.918 -133.009 -133.054
1e+20 1e+20 1e+20 1e+20 1e+20 1e+20 1e+20 1e+20 1e+20 1e+20 1e+20 1e+20 1e+20 1e+20 1e+20 1e+20 1e+20 1e+20 1e+20 1e+20 -133.612 -133.61 -133.598 -133.587 -133.575 -133.564 -133.552 -133.541 -133.529 -133.517 -133.497 -133.477 -133.458 -133.438 -133.418 -133.399 -133.379 -133.359 -133.334 -133.309 -133.284 -133.259 -133.234 -133.209 -133.184 -133.159 -133.107 -133.053 -133.0 -132.947 -132.893 -132.84 -132.786 -132.733 -132.661 -132.588 -132.514 -132.44 -132.366 -132.292 -132.218 -132.144 -132.199 -132.288 -132.378 -132.467 -132.556 -132.645 -132.734 -132.823 -132.87
1e+20 1e+20 1e+20 1e+20 1e+20 1e+20 1e+20 1e+20 1e+20 1e+20 1e+20 1e+20 1e+20 1e+20 1e+20 1e+20 1e+20 1e+20 1e+20 1e+20 -133.493 -133.49 -133.476 -133.462 -133.447 -133.433 -133.419 -133.405 -133.391 -133.376 -133.353 -133.331 -133.308 -133.286 -133.263 -133.241 -133.219 -133.196 -133.167 -133.139 -133.111 -133.082 -133.054 -133.025 -132.997 -132.968 -132.914 -132.858 -132.802 -132.746 -132.69 -132.635 -132.579 -132.523 -132.456 -132.386 -132.317 -132.248 -132.179 -132.11 -132.041 -131.972 -132.027 -132.114 -132.201 -132.288 -132.375 -132.463 -132.55 -132.637 -132.687
1e+20 1e+20 1e+20 1e+20 1e+20 1e+20 1e+20 1e+20 1e+20 1e+20 1e+20 1e+20 1e+20 1e+20 1e+20 1e+20 1e+20 1e+20 1e+20 1e+20 -133.373 -133.37 -133.353 -133.336 -133.32 -133.303 -133.286 -133.269 -133.252 -133.235 -133.209 -133.184 -133.159 -133.134 -133.108 -133.083 -133.058 -133.032 -133.001 -132.969 -132.937 -132.905 -132.873 -132.841 -132.809 -132.777 -132.721 -132.662 -132.604 -132.546 -132.488 -132.43 -132.371 -132.313 -132.25 -132.185 -132.121 -132.057 -131.993 -131.928 -131.864 -131.8 -131.854 -131.94 -132.025 -132.11 -132.195 -132.28 -132.366 -132.451 -132.504
1e+20 1e+20 1e+20 1e+20 1e+20 1e+20 1e+20 1e+20 1e+20 1e+20 1e+20 1e+20 1e+20 1e+20 1e+20 1e+20 1e+20 1e+20 1e+20 1e+20 -133.254 -133.25 -133.231 -133.211 -133.192 -133.172 -133.153 -133.133 -133.114 -133.094 -133.066 -133.037 -133.009 -132.981 -132.953 -132.925 -132.897 -132.869 -132.834 -132.798 -132.763 -132.728 -132.693 -132.657 -132.622 -132.587 -132.527 -132.467 -132.406 -132.346 -132.285 -132.224 -132.164 -132.103 -132.044 -131.984 -131.925 -131.866 -131.806 -131.747 -131.687 -131.628 -131.682 -131.765 -131.848 -131.932 -132.015 -132.098 -132.181 -132.265 -132.32
1e+20 1e+20 1e+20 1e+20 1e+20 1e+20 1e+20 1e+20 1e+20 1e+20 1e+20 1e+20 1e+20 1e+20 1e+20 1e+20 1e+20 1e+20 1e+20 1e+20 -133.134 -133.13 -133.108 -133.086 -133.064 -133.042 -133.02 -132.998 -132.976 -132.953 -132.922 -132.891 -132.86 -132.829 -132.798 -132.768 -132.737 -132.706 -132.667 -132.628 -132.589 -132.551 -132.512 -132.473 -132.435 -132.396 -132.334 -132.271 -132.208 -132.145 -132.082 -132.019 -131.956 -131.894 -131.838 -131.783 -131.729 -131.674 -131.62 -131.565 -131.511 -131.456 -131.51 -131.591 -131.672 -131.753 -131.835 -131.916 -131.997 -132.079 -132.137
1e+20 1e+20 1e+20 1e+20 1e+20 1e+20 1e+20 1e+20 1e+20 1e+20 1e+20 1e+20 1e+20 1e+20 1e+20 1e+20 1e+20 1e+20 1e+20 1e+20 -133.011 -133.006 -132.981 -132.957 -132.932 -132.907 -132.883 -132.858 -132.833 -132.808 -132.774 -132.741 -132.708 -132.675 -132.641 -132.608 -132.575 -132.542 -132.5 -132.459 -132.418 -132.376 -132.335 -132.294 -132.252 -132.211 -132.148 -132.083 -132.018 -131.953 -131.889 -131.824 -131.759 -131.694 -131.643 -131.592 -131.542 -131.492 -131.442 -131.392 -131.342 -131.291 -131.344 -131.423 -131.503 -131.582 -131.661 -131.741 -131.82 -131.899 -131.959
1e+20 1e+20 1e+20 1e+20 1e+20 1e+20 1e+20 1e+20 1e+20 1e+20 1e+20 1e+20 1e+20 1e+20 1e+20 1e+20 1e+20 1e+20 1e+20 1e+20 1e+20 -132.869 -132.842 -132.814 -132.787 -132.76 -132.733 -132.705 -132.678 -132.65 -132.616 -132.581 -132.547 -132.513 -132.479 -132.444 -132.41 -132.375 -132.334 -132.293 -132.252 -132.211 -132.17 -132.128 -132.087 -132.046 -131.983 -131.918 -131.854 -131.789 -131.725 -131.66 -131.596 -131.531 -131.482 -131.434 -131.387 -131.339 -131.292 -131.245 -131.197 -131.15 -131.202 -131.279 -131.356 -131.433 -131.511 -131.588 -131.665 -131.742 -131.804
1e+20 1e+20 1e+20 1e+20 1e+20 1e+20 1e+20 1e+20 1e+20 1e+20 1e+20 1e+20 1e+20 1e+20 1e+20 1e+20 1e+20 1e+20 1e+20 1e+20 1e+20 -132.732 -132.702 -132.672 -132.642 -132.613 -132.583 -132.553 -132.523 -132.493 -132.457 -132.422 -132.386 -132.351 -132.316 -132.28 -132.245 -132.209 -132.168 -132.127 -132.086 -132.045 -132.004 -131.963 -131.922 -131.881 -131.818 -131.753 -131.689 -131.625 -131.56 -131.496 -131.432 -131.368 -131.32 -131.276 -131.231 -131.187 -131.142 -131.098 -131.053 -131.009 -131.059 -131.134 -131.21 -131.285 -131.36 -131.435 -131.51 -131.585 -131.648
1e+20 1e+20 1e+20 1e+20 1e+20 1e+20 1e+20 1e+20 1e+20 1e+20 1e+20 1e+20 1e+20 1e+20 1e+20 1e+20 1e+20 1e+20 1e+20 1e+20 1e+20 -132.595 -132.562 -132.53 -132.498 -132.465 -132.433 -132.4 -132.368 -132.335 -132.299 -132.262 -132.226 -132.189 -132.153 -132.116 -132.08 -132.043 -132.002 -131.961 -131.92 -131.879 -131.839 -131.798 -131.757 -131.716 -131.653 -131.589 -131.525 -131.46 -131.396 -131.332 -131.268 -131.204 -131.16 -131.118 -131.076 -131.034 -130.993 -130.951 -130.909 -130.867 -130.917 -130.99 -131.063 -131.136 -131.209 -131.282 -131.355 -131.428 -131.492
1e+20 1e+20 1e+20 1e+20 1e+20 1e+20 1e+20 1e+20 1e+20 1e+20 1e+20 1e+20 1e+20 1e+20 1e+20 1e+20 1e+20 1e+20 1e+20 1e+20 1e+20 -132.458 -132.423 -132.388 -132.353 -132.318 -132.283 -132.248 -132.213 -132.177 -132.14 -132.102 -132.065 -132.027 -131.99 -131.952 -131.915 -131.877 -131.836 -131.795 -131.755 -131.714 -131.673 -131.632 -131.591 -131.551 -131.488 -131.424 -131.36 -131.296 -131.232 -131.168 -131.104 -131.041 -130.999 -130.96 -130.921 -130.882 -130.843 -130.804 -130.765 -130.726 -130.775 -130.845 -130.916 -130.987 -131.058 -131.129 -131.2 -131.271 -131.336
1e+20 1e+20 1e+20 1e+20 1e+20 1e+20 1e+20 1e+20 1e+20 1e+20 1e+20 1e+20 1e+20 1e+20 1e+20 1e+20 1e+20 1e+20 1e+20 1e+20 1e+20 -132.321 -132.283 -132.246 -132.208 -132.17 -132.133 -132.095 -132.058 -132.02 -131.981 -131.943 -131.904 -131.865 -131.827 -131.788 -131.75 -131.711 -131.67 -131.63 -131.589 -131.548 -131.508 -131.467 -131.426 -131.386 -131.323 -131.259 -131.196 -131.132 -131.068 -131.004 -130.941 -130.877 -130.837 -130.801 -130.765 -130.729 -130.693 -130.657 -130.621 -130.585 -130.632 -130.701 -130.77 -130.839 -130.907 -130.976 -131.045 -131.114 -131.18
1e+20 1e+20 1e+20 1e+20 1e+20 1e+20 1e+20 1e+20 1e+20 1e+20 1e+20 1e+20 1e+20 1e+20 1e+20 1e+20 1e+20 1e+20 1e+20 1e+20 1e+20 -132.184 -132.144 -132.103 -132.063 -132.023 -131.983 -131.943 -131.902 -131.862 -131.823 -131.783 -131.743 -131.704 -131.664 -131.624 -131.584 -131.545 -131.504 -131.464 -131.423 -131.383 -131.342 -131.302 -131.261 -131.22 -131.158 -131.095 -131.031 -130.968 -130.904 -130.841 -130.777 -130.714 -130.676 -130.643 -130.61 -130.577 -130.543 -130.51 -130.477 -130.443 -130.49 -130.556 -130.623 -130.69 -130.757 -130.823 -130.89 -130.957 -131.024
1e+20 1e+20 1e+20 1e+20 1e+20 1e+20 1e+20 1e+20 1e+20 1e+20 1e+20 1e+20 1e+20 1e+20 1e+20 1e+20 1e+20 1e+20 1e+20 1e+20 1e+20 -132.047 -132.004 -131.961 -131.918 -131.876 -131.833 -131.79 -131.747 -131.705 -131.664 -131.623 -131.582 -131.542 -131.501 -131.46 -131.419 -131.379 -131.338 -131.298 -131.257 -131.217 -131.177 -131.136 -131.096 -131.055 -130.993 -130.93 -130.867 -130.803 -130.74 -130.677 -130.613 -130.55 -130.516 -130.485 -130.455 -130.424 -130.394 -130.363 -130.333 -130.302 -130.347 -130.412 -130.477 -130.541 -130.606 -130.67 -130.735 -130.8 -130.868
1e+20 1e+20 1e+20 1e+20 1e+20 1e+20 1e+20 1e+20 1e+20 1e+20 1e+20 1e+20 1e+20 1e+20 1e+20 1e+20 1e+20 1e+20 1e+20 1e+20 -131.906 -131.897 -131.852 -131.807 -131.762 -131.718 -131.673 -131.628 -131.583 -131.538 -131.497 -131.455 -131.414 -131.372 -131.331 -131.289 -131.248 -131.206 -131.166 -131.127 -131.087 -131.047 -131.007 -130.967 -130.927 -130.887 -130.824 -130.761 -130.698 -130.634 -130.571 -130.508 -130.444 -130.381 -130.348 -130.32 -130.291 -130.263 -130.234 -130.206 -130.177 -130.149 -130.192 -130.254 -130.316 -130.378 -130.44 -130.501 -130.563 -130.625 -130.693
