pygmi/test/grav.asc
ncols 			232
nrows 			481
xllcorner 			-20187.5000000001
yllcorner 			-2823315.0
cellsize 			125.0
nodata_value 		1e+20
[rows 310 to 340 of 481, columns 0 to 70 of 232]
1e+20 1e+20 1e+20 1e+20 1e+20 1e+20 1e+20 1e+20 1e+20 1e+20 1e+20 1e+20 1e+20 1e+20 1e+20 1e+20 1e+20 1e+20 1e+20 1e+20 1e+20 -121.835 -121.788 -121.74 -121.692 -121.645 -121.597 -121.55 -121.502 -121.448 -121.343 -121.239 -121.134 -121.029 -120.924 -120.82 -120.715 -120.606 -120.38 -120.154 -119.928 -119.702 -119.477 -119.251 -119.025 -118.799 -118.609 -118.421 -118.233 -118.045 -117.857 -117.669 -117.481 -117.293 -117.127 -116.964 -116.802 -116.639 -116.476 -116.314 -116.151 -115.988 -115.856 -115.731 -115.607 -115.482 -115.358 -115.233 -115.109 -114.984 -114.924
1e+20 1e+20 1e+20 1e+20 1e+20 1e+20 1e+20 1e+20 1e+20 1e+20 1e+20 1e+20 1e+20 1e+20 1e+20 1e+20 1e+20 1e+20 1e+20 1e+20 1e+20 -121.821 -121.769 -121.718 -121.666 -121.614 -121.562 -121.51 -121.458 -121.4 -121.29 -121.18 -121.07 -120.96 -120.851 -120.741 -120.631 -120.517 -120.287 -120.057 -119.827 -119.597 -119.367 -119.137 -118.907 -118.677 -118.491 -118.308 -118.124 -117.941 -117.757 -117.574 -117.39 -117.207 -117.045 -116.886 -116.727 -116.568 -116.409 -116.25 -116.091 -115.932 -115.801 -115.677 -115.552 -115.428 -115.304 -115.18 -115.055 -114.931 -114.868
1e+20 1e+20 1e+20 1e+20 1e+20 1e+20 1e+20 1e+20 1e+20 1e+20 1e+20 1e+20 1e+20 1e+20 1e+20 1e+20 1e+20 1e+20 1e+20 1e+20 1e+20 -121.807 -121.751 -121.695 -121.639 -121.583 -121.527 -121.471 -121.415 -121.352 -121.237 -121.122 -121.007 -120.892 -120.777 -120.662 -120.547 -120.428 -120.194 -119.96 -119.725 -119.491 -119.257 -119.023 -118.789 -118.555 -118.373 -118.194 -118.015 -117.837 -117.658 -117.479 -117.3 -117.121 -116.963 -116.807 -116.652 -116.497 -116.342 -116.186 -116.031 -115.876 -115.746 -115.622 -115.498 -115.374 -115.25 -115.126 -115.002 -114.878 -114.811
1e+20 1e+20 1e+20 1e+20 1e+20 1e+20 1e+20 1e+20 1e+20 1e+20 1e+20 1e+20 1e+20 1e+20 1e+20 1e+20 1e+20 1e+20 1e+20 1e+20 1e+20 -121.793 -121.733 -121.673 -121.612 -121.552 -121.492 -121.431 -121.371 -121.304 -121.184 -121.064 -120.943 -120.823 -120.703 -120.583 -120.463 -120.339 -120.1 -119.862 -119.624 -119.386 -119.148 -118.909 -118.671 -118.433 -118.255 -118.081 -117.907 -117.732 -117.558 -117.384 -117.209 -117.035 -116.881 -116.729 -116.577 -116.426 -116.274 -116.123 -115.971 -115.82 -115.69 -115.567 -115.443 -115.32 -115.196 -115.073 -114.949 -114.825 -114.755
1e+20 1e+20 1e+20 1e+20 1e+20 1e+20 1e+20 1e+20 1e+20 1e+20 1e+20 1e+20 1e+20 1e+20 1e+20 1e+20 1e+20 1e+20 1e+20 1e+20 1e+20 -121.779 -121.715 -121.65 -121.585 -121.521 -121.456 -121.392 -121.327 -121.256 -121.13 -121.005 -120.88 -120.755 -120.629 -120.504 -120.379 -120.25 -120.007 -119.765 -119.523 -119.28 -119.038 -118.795 -118.553 -118.311 -118.138 -117.968 -117.798 -117.628 -117.458 -117.289 -117.119 -116.949 -116.798 -116.65 -116.503 -116.355 -116.207 -116.059 -115.911 -115.763 -115.635 -115.512 -115.389 -115.265 -115.142 -115.019 -114.896 -114.773 -114.699
1e+20 1e+20 1e+20 1e+20 1e+20 1e+20 1e+20 1e+20 1e+20 1e+20 1e+20 1e+20 1e+20 1e+20 1e+20 1e+20 1e+20 1e+20 1e+20 1e+20 -121.778 -121.765 -121.696 -121.627 -121.559 -121.49 -121.421 -121.352 -121.283 -121.208 -121.077 -120.947 -120.816 -120.686 -120.555 -120.425 -120.295 -120.16 -119.914 -119.668 -119.421 -119.175 -118.928 -118.682 -118.435 -118.189 -118.02 -117.854 -117.689 -117.524 -117.359 -117.193 -117.028 -116.863 -116.716 -116.572 -116.428 -116.284 -116.14 -115.995 -115.851 -115.707 -115.58 -115.457 -115.334 -115.211 -115.088 -114.965 -114.843 -114.72 -114.643
1e+20 1e+20 1e+20 1e+20 1e+20 1e+20 1e+20 1e+20 1e+20 1e+20 1e+20 1e+20 1e+20 1e+20 1e+20 1e+20 1e+20 1e+20 1e+20 1e+20 -121.765 -121.751 -121.678 -121.605 -121.532 -121.459 -121.386 -121.313 -121.24 -121.16 -121.024 -120.888 -120.753 -120.617 -120.482 -120.346 -120.211 -120.071 -119.821 -119.57 -119.32 -119.069 -118.818 -118.568 -118.317 -118.067 -117.902 -117.741 -117.58 -117.42 -117.259 -117.098 -116.938 -116.777 -116.634 -116.494 -116.353 -116.213 -116.072 -115.932 -115.791 -115.651 -115.525 -115.402 -115.28 -115.157 -115.035 -114.912 -114.789 -114.667 -114.587
1e+20 1e+20 1e+20 1e+20 1e+20 1e+20 1e+20 1e+20 1e+20 1e+20 1e+20 1e+20 1e+20 1e+20 1e+20 1e+20 1e+20 1e+20 1e+20 1e+20 -121.752 -121.737 -121.66 -121.582 -121.505 -121.428 -121.35 -121.273 -121.196 -121.111 -120.971 -120.83 -120.689 -120.549 -120.408 -120.267 -120.127 -119.982 -119.727 -119.473 -119.218 -118.963 -118.709 -118.454 -118.199 -117.945 -117.784 -117.628 -117.472 -117.316 -117.159 -117.003 -116.847 -116.691 -116.552 -116.415 -116.278 -116.142 -116.005 -115.868 -115.731 -115.595 -115.47 -115.347 -115.225 -115.103 -114.981 -114.858 -114.736 -114.614 -114.531
1e+20 1e+20 1e+20 1e+20 1e+20 1e+20 1e+20 1e+20 1e+20 1e+20 1e+20 1e+20 1e+20 1e+20 1e+20 1e+20 1e+20 1e+20 1e+20 1e+20 -121.739 -121.723 -121.642 -121.56 -121.478 -121.397 -121.315 -121.234 -121.152 -121.063 -120.917 -120.772 -120.626 -120.48 -120.334 -120.188 -120.042 -119.893 -119.634 -119.375 -119.117 -118.858 -118.599 -118.34 -118.082 -117.823 -117.666 -117.515 -117.363 -117.211 -117.06 -116.908 -116.756 -116.605 -116.47 -116.337 -116.204 -116.071 -115.938 -115.805 -115.672 -115.539 -115.414 -115.292 -115.171 -115.049 -114.927 -114.805 -114.683 -114.561 -114.475
1e+20 1e+20 1e+20 1e+20 1e+20 1e+20 1e+20 1e+20 1e+20 1e+20 1e+20 1e+20 1e+20 1e+20 1e+20 1e+20 1e+20 1e+20 1e+20 1e+20 -121.777 -121.76 -121.673 -121.585 -121.498 -121.41 -121.323 -121.235 -121.148 -121.053 -120.902 -120.751 -120.599 -120.448 -120.296 -120.145 -119.993 -119.838 -119.582 -119.325 -119.069 -118.813 -118.556 -118.3 -118.043 -117.787 -117.634 -117.486 -117.338 -117.19 -117.042 -116.895 -116.747 -116.599 -116.465 -116.334 -116.202 -116.07 -115.938 -115.807 -115.675 -115.543 -115.417 -115.292 -115.167 -115.043 -114.918 -114.793 -114.669 -114.544 -114.453
1e+20 1e+20 1e+20 1e+20 1e+20 1e+20 1e+20 1e+20 1e+20 1e+20 1e+20 1e+20 1e+20 1e+20 1e+20 1e+20 1e+20 1e+20 1e+20 1e+20 -121.818 -121.8 -121.707 -121.613 -121.52 -121.427 -121.333 -121.24 -121.147 -121.046 -120.889 -120.732 -120.575 -120.418 -120.26 -120.103 -119.946 -119.786 -119.532 -119.278 -119.025 -118.771 -118.517 -118.263 -118.01 -117.756 -117.607 -117.463 -117.319 -117.174 -117.03 -116.886 -116.742 -116.598 -116.466 -116.335 -116.205 -116.074 -115.943 -115.813 -115.682 -115.551 -115.423 -115.295 -115.167 -115.04 -114.912 -114.784 -114.657 -114.529 -114.432
1e+20 1e+20 1e+20 1e+20 1e+20 1e+20 1e+20 1e+20 1e+20 1e+20 1e+20 1e+20 1e+20 1e+20 1e+20 1e+20 1e+20 1e+20 1e+20 1e+20 -121.859 -121.84 -121.741 -121.642 -121.542 -121.443 -121.344 -121.244 -121.145 -121.039 -120.876 -120.713 -120.55 -120.388 -120.225 -120.062 -119.899 -119.734 -119.482 -119.231 -118.98 -118.729 -118.478 -118.227 -117.976 -117.725 -117.58 -117.439 -117.299 -117.159 -117.018 -116.878 -116.738 -116.597 -116.467 -116.337 -116.207 -116.078 -115.948 -115.819 -115.689 -115.56 -115.429 -115.298 -115.168 -115.037 -114.906 -114.775 -114.645 -114.514 -114.412
1e+20 1e+20 1e+20 1e+20 1e+20 1e+20 1e+20 1e+20 1e+20 1e+20 1e+20 1e+20 1e+20 1e+20 1e+20 1e+20 1e+20 1e+20 1e+20 1e+20 -121.901 -121.881 -121.775 -121.67 -121.565 -121.459 -121.354 -121.249 -121.144 -121.031 -120.863 -120.694 -120.526 -120.357 -120.189 -120.021 -119.852 -119.681 -119.433 -119.184 -118.936 -118.688 -118.439 -118.191 -117.943 -117.694 -117.552 -117.416 -117.279 -117.143 -117.006 -116.87 -116.733 -116.597 -116.467 -116.339 -116.21 -116.082 -115.953 -115.825 -115.696 -115.568 -115.435 -115.301 -115.168 -115.034 -114.9 -114.766 -114.633 -114.499 -114.392
1e+20 1e+20 1e+20 1e+20 1e+20 1e+20 1e+20 1e+20 1e+20 1e+20 1e+20 1e+20 1e+20 1e+20 1e+20 1e+20 1e+20 1e+20 1e+20 1e+20 -121.942 -121.921 -121.809 -121.698 -121.587 -121.476 -121.365 -121.253 -121.142 -121.024 -120.85 -120.676 -120.502 -120.327 -120.153 -119.979 -119.805 -119.629 -119.383 -119.137 -118.892 -118.646 -118.4 -118.155 -117.909 -117.663 -117.525 -117.393 -117.26 -117.127 -116.994 -116.861 -116.729 -116.596 -116.468 -116.34 -116.213 -116.086 -115.958 -115.831 -115.703 -115.576 -115.441 -115.304 -115.168 -115.031 -114.894 -114.757 -114.621 -114.484 -114.372
1e+20 1e+20 1e+20 1e+20 1e+20 1e+20 1e+20 1e+20 1e+20 1e+20 1e+20 1e+20 1e+20 1e+20 1e+20 1e+20 1e+20 1e+20 1e+20 1e+20 -121.983 -121.961 -121.844 -121.726 -121.609 -121.492 -121.375 -121.258 -121.141 -121.017 -120.837 -120.657 -120.477 -120.297 -120.118 -119.938 -119.758 -119.576 -119.333 -119.09 -118.847 -118.604 -118.361 -118.118 -117.876 -117.633 -117.498 -117.369 -117.24 -117.111 -116.982 -116.853 -116.724 -116.595 -116.468 -116.342 -116.216 -116.09 -115.963 -115.837 -115.711 -115.584 -115.447 -115.308 -115.168 -115.028 -114.888 -114.748 -114.609 -114.469 -114.352
1e+20 1e+20 1e+20 1e+20 1e+20 1e+20 1e+20 1e+20 1e+20 1e+20 1e+20 1e+20 1e+20 1e+20 1e+20 1e+20 1e+20 1e+20 1e+20 1e+20 -122.024 -122.001 -121.878 -121.755 -121.632 -121.509 -121.385 -121.262 -121.139 -121.009 -120.824 -120.638 -120.453 -120.267 -120.082 -119.896 -119.711 -119.524 -119.284 -119.043 -118.803 -118.563 -118.323 -118.082 -117.842 -117.602 -117.471 -117.346 -117.221 -117.095 -116.97 -116.845 -116.72 -116.594 -116.469 -116.344 -116.219 -116.093 -115.968 -115.843 -115.718 -115.593 -115.453 -115.311 -115.168 -115.025 -114.882 -114.739 -114.597 -114.454 -114.332
1e+20 1e+20 1e+20 1e+20 1e+20 1e+20 1e+20 1e+20 1e+20 1e+20 1e+20 1e+20 1e+20 1e+20 1e+20 1e+20 1e+20 1e+20 1e+20 1e+20 -122.066 -122.041 -121.912 -121.783 -121.654 -121.525 -121.396 -121.267 -121.138 -121.002 -120.811 -120.62 -120.428 -120.237 -120.046 -119.855 -119.664 -119.471 -119.234 -118.996 -118.759 -118.521 -118.284 -118.046 -117.809 -117.571 -117.444 -117.322 -117.201 -117.079 -116.958 -116.836 -116.715 -116.593 -116.47 -116.346 -116.221 -116.097 -115.973 -115.849 -115.725 -115.601 -115.459 -115.314 -115.168 -115.022 -114.876 -114.73 -114.585 -114.439 -114.311
1e+20 1e+20 1e+20 1e+20 1e+20 1e+20 1e+20 1e+20 1e+20 1e+20 1e+20 1e+20 1e+20 1e+20 1e+20 1e+20 1e+20 1e+20 1e+20 1e+20 -122.16 -122.135 -122.002 -121.868 -121.735 -121.602 -121.469 -121.335 -121.202 -121.062 -120.869 -120.676 -120.482 -120.289 -120.096 -119.903 -119.71 -119.515 -119.285 -119.054 -118.824 -118.593 -118.362 -118.132 -117.901 -117.671 -117.545 -117.424 -117.303 -117.182 -117.061 -116.94 -116.819 -116.699 -116.574 -116.448 -116.322 -116.197 -116.071 -115.945 -115.82 -115.694 -115.548 -115.397 -115.245 -115.094 -114.943 -114.791 -114.64 -114.489 -114.354
1e+20 1e+20 1e+20 1e+20 1e+20 1e+20 1e+20 1e+20 1e+20 1e+20 1e+20 1e+20 1e+20 1e+20 1e+20 1e+20 1e+20 1e+20 1e+20 1e+20 -122.263 -122.237 -122.1 -121.963 -121.826 -121.688 -121.551 -121.414 -121.277 -121.133 -120.939 -120.744 -120.549 -120.354 -120.16 -119.965 -119.77 -119.574 -119.352 -119.129 -118.906 -118.683 -118.46 -118.237 -118.014 -117.791 -117.666 -117.545 -117.424 -117.304 -117.183 -117.062 -116.941 -116.821 -116.694 -116.566 -116.439 -116.311 -116.183 -116.056 -115.928 -115.801 -115.649 -115.492 -115.335 -115.178 -115.02 -114.863 -114.706 -114.549 -114.406
1e+20 1e+20 1e+20 1e+20 1e+20 1e+20 1e+20 1e+20 1e+20 1e+20 1e+20 1e+20 1e+20 1e+20 1e+20 1e+20 1e+20 1e+20 1e+20 1e+20 -122.366 -122.339 -122.198 -122.057 -121.916 -121.775 -121.634 -121.493 -121.352 -121.204 -121.008 -120.812 -120.616 -120.419 -120.223 -120.027 -119.831 -119.634 -119.419 -119.203 -118.988 -118.773 -118.558 -118.343 -118.127 -117.912 -117.787 -117.666 -117.546 -117.425 -117.305 -117.184 -117.063 -116.943 -116.814 -116.685 -116.555 -116.426 -116.296 -116.166 -116.037 -115.907 -115.751 -115.588 -115.425 -115.262 -115.098 -114.935 -114.772 -114.609 -114.459
1e+20 1e+20 1e+20 1e+20 1e+20 1e+20 1e+20 1e+20 1e+20 1e+20 1e+20 1e+20 1e+20 1e+20 1e+20 1e+20 1e+20 1e+20 1e+20 1e+20 -122.469 -122.442 -122.297 -122.152 -122.007 -121.862 -121.717 -121.572 -121.427 -121.276 -121.078 -120.88 -120.682 -120.485 -120.287 -120.089 -119.891 -119.693 -119.485 -119.278 -119.07 -118.863 -118.655 -118.448 -118.24 -118.033 -117.908 -117.788 -117.667 -117.547 -117.426 -117.306 -117.185 -117.065 -116.935 -116.803 -116.672 -116.54 -116.409 -116.277 -116.145 -116.014 -115.853 -115.683 -115.514 -115.345 -115.176 -115.007 -114.838 -114.669 -114.511
1e+20 1e+20 1e+20 1e+20 1e+20 1e+20 1e+20 1e+20 1e+20 1e+20 1e+20 1e+20 1e+20 1e+20 1e+20 1e+20 1e+20 1e+20 1e+20 1e+20 -122.572 -122.544 -122.395 -122.246 -122.097 -121.948 -121.799 -121.65 -121.501 -121.347 -121.148 -120.948 -120.749 -120.55 -120.35 -120.151 -119.952 -119.752 -119.552 -119.353 -119.153 -118.953 -118.753 -118.553 -118.353 -118.154 -118.029 -117.909 -117.789 -117.668 -117.548 -117.428 -117.307 -117.187 -117.055 -116.922 -116.788 -116.655 -116.521 -116.388 -116.254 -116.121 -115.954 -115.779 -115.604 -115.429 -115.254 -115.079 -114.904 -114.729 -114.563
1e+20 1e+20 1e+20 1e+20 1e+20 1e+20 1e+20 1e+20 1e+20 1e+20 1e+20 1e+20 1e+20 1e+20 1e+20 1e+20 1e+20 1e+20 1e+20 1e+20 -122.675 -122.646 -122.494 -122.341 -122.188 -122.035 -121.882 -121.729 -121.576 -121.418 -121.217 -121.016 -120.816 -120.615 -120.414 -120.213 -120.012 -119.812 -119.619 -119.427 -119.235 -119.043 -118.851 -118.659 -118.466 -118.274 -118.151 -118.03 -117.91 -117.79 -117.67 -117.549 -117.429 -117.309 -117.175 -117.04 -116.905 -116.769 -116.634 -116.498 -116.363 -116.227 -116.056 -115.875 -115.694 -115.513 -115.332 -115.151 -114.97 -114.789 -114.616
1e+20 1e+20 1e+20 1e+20 1e+20 1e+20 1e+20 1e+20 1e+20 1e+20 1e+20 1e+20 1e+20 1e+20 1e+20 1e+20 1e+20 1e+20 1e+20 1e+20 -122.779 -122.749 -122.592 -122.435 -122.278 -122.122 -121.965 -121.808 -121.651 -121.489 -121.287 -121.085 -120.882 -120.68 -120.477 -120.275 -120.073 -119.871 -119.686 -119.502 -119.317 -119.133 -118.948 -118.764 -118.579 -118.395 -118.272 -118.152 -118.032 -117.911 -117.791 -117.671 -117.551 -117.431 -117.296 -117.158 -117.021 -116.884 -116.746 -116.609 -116.471 -116.334 -116.157 -115.97 -115.784 -115.597 -115.41 -115.223 -115.036 -114.849 -114.668
1e+20 1e+20 1e+20 1e+20 1e+20 1e+20 1e+20 1e+20 1e+20 1e+20 1e+20 1e+20 1e+20 1e+20 1e+20 1e+20 1e+20 1e+20 1e+20 1e+20 -122.882 -122.851 -122.69 -122.53 -122.369 -122.208 -122.047 -121.887 -121.726 -121.56 -121.357 -121.153 -120.949 -120.745 -120.541 -120.337 -120.133 -119.93 -119.753 -119.577 -119.4 -119.223 -119.046 -118.869 -118.692 -118.516 -118.393 -118.273 -118.153 -118.033 -117.913 -117.793 -117.673 -117.553 -117.416 -117.277 -117.137 -116.998 -116.859 -116.719 -116.58 -116.441 -116.259 -116.066 -115.873 -115.681 -115.488 -115.295 -115.102 -114.91 -114.72
1e+20 1e+20 1e+20 1e+20 1e+20 1e+20 1e+20 1e+20 1e+20 1e+20 1e+20 1e+20 1e+20 1e+20 1e+20 1e+20 1e+20 1e+20 1e+20 1e+20 -123.029 -122.998 -122.835 -122.672 -122.51 -122.347 -122.184 -122.021 -121.859 -121.691 -121.488 -121.284 -121.08 -120.876 -120.672 -120.468 -120.264 -120.061 -119.89 -119.72 -119.549 -119.378 -119.208 -119.037 -118.866 -118.696 -118.575 -118.457 -118.339 -118.22 -118.102 -117.984 -117.866 -117.747 -117.61 -117.471 -117.331 -117.191 -117.051 -116.912 -116.772 -116.632 -116.446 -116.248 -116.05 -115.852 -115.654 -115.456 -115.258 -115.06 -114.864
1e+20 1e+20 1e+20 1e+20 1e+20 1e+20 1e+20 1e+20 1e+20 1e+20 1e+20 1e+20 1e+20 1e+20 1e+20 1e+20 1e+20 1e+20 1e+20 1e+20 -123.188 -123.157 -122.992 -122.828 -122.664 -122.5 -122.336 -122.172 -122.008 -121.839 -121.635 -121.432 -121.228 -121.025 -120.821 -120.618 -120.414 -120.212 -120.047 -119.882 -119.717 -119.552 -119.387 -119.222 -119.057 -118.892 -118.774 -118.658 -118.542 -118.426 -118.31 -118.194 -118.078 -117.962 -117.825 -117.685 -117.546 -117.406 -117.266 -117.127 -116.987 -116.847 -116.657 -116.454 -116.251 -116.048 -115.845 -115.642 -115.439 -115.236 -115.033
1e+20 1e+20 1e+20 1e+20 1e+20 1e+20 1e+20 1e+20 1e+20 1e+20 1e+20 1e+20 1e+20 1e+20 1e+20 1e+20 1e+20 1e+20 1e+20 1e+20 -123.347 -123.315 -123.15 -122.984 -122.819 -122.653 -122.488 -122.322 -122.156 -121.987 -121.783 -121.58 -121.377 -121.174 -120.971 -120.767 -120.564 -120.362 -120.203 -120.044 -119.885 -119.726 -119.566 -119.407 -119.248 -119.089 -118.973 -118.859 -118.745 -118.631 -118.518 -118.404 -118.29 -118.176 -118.04 -117.9 -117.76 -117.621 -117.481 -117.341 -117.202 -117.062 -116.868 -116.66 -116.452 -116.244 -116.036 -115.828 -115.62 -115.412 -115.202
1e+20 1e+20 1e+20 1e+20 1e+20 1e+20 1e+20 1e+20 1e+20 1e+20 1e+20 1e+20 1e+20 1e+20 1e+20 1e+20 1e+20 1e+20 1e+20 1e+20 -123.506 -123.474 -123.307 -123.14 -122.973 -122.806 -122.639 -122.472 -122.305 -122.134 -121.931 -121.729 -121.526 -121.323 -121.12 -120.917 -120.714 -120.513 -120.36 -120.206 -120.053 -119.899 -119.746 -119.592 -119.439 -119.285 -119.172 -119.06 -118.948 -118.837 -118.725 -118.614 -118.502 -118.39 -118.254 -118.115 -117.975 -117.836 -117.696 -117.556 -117.417 -117.277 -117.079 -116.866 -116.653 -116.44 -116.227 -116.014 -115.8 -115.587 -115.371
1e+20 1e+20 1e+20 1e+20 1e+20 1e+20 1e+20 1e+20 1e+20 1e+20 1e+20 1e+20 1e+20 1e+20 1e+20 1e+20 1e+20 1e+20 1e+20 1e+20 -123.665 -123.633 -123.465 -123.296 -123.128 -122.959 -122.791 -122.622 -122.454 -122.282 -122.079 -121.877 -121.674 -121.472 -121.27 -121.067 -120.865 -120.664 -120.516 -120.368 -120.221 -120.073 -119.925 -119.777 -119.63 -119.482 -119.371 -119.261 -119.152 -119.042 -118.933 -118.824 -118.714 -118.605 -118.469 -118.329 -118.19 -118.05 -117.911 -117.771 -117.632 -117.492 -117.29 -117.072 -116.854 -116.636 -116.417 -116.199 -115.981 -115.763 -115.54
1e+20 1e+20 1e+20 1e+20 1e+20 1e+20 1e+20 1e+20 1e+20 1e+20 1e+20 1e+20 1e+20 1e+20 1e+20 1e+20 1e+20 1e+20 1e+20 1e+20 -123.825 -123.792 -123.622 -123.452 -123.282 -123.113 -122.943 -122.773 -122.603 -122.429 -122.227 -122.025 -121.823 -121.621 -121.419 -121.217 -121.015 -120.815 -120.673 -120.531 -120.389 -120.247 -120.104 -119.962 -119.82 -119.678 -119.569 -119.462 -119.355 -119.248 -119.141 -119.033 -118.926 -118.819 -118.684 -118.544 -118.405 -118.265 -118.126 -117.986 -117.847 -117.707 -117.501 -117.278 -117.055 -116.831 -116.608 -116.385 -116.162 -115.939 -115.708
