pygmi/test/grav.asc
ncols 			232
nrows 			481
xllcorner 			-20187.5000000001
yllcorner 			-2823315.0
cellsize 			125.0
nodata_value 		1e+20
[rows 124 to 154 of 481, columns 71 to 141 of 232]
-120.124 -120.074 -120.024 -119.973 -119.923 -119.873 -119.823 -119.822 -119.85 -119.878 -119.906 -119.934 -119.962 -119.99 -120.018 -120.057 -120.105 -120.153 -120.201 -120.249 -120.297 -120.345 -120.394 -120.384 -120.313 -120.241 -120.169 -120.097 -120.026 -119.954 -119.882 -119.802 -119.709 -119.615 -119.522 -119.429 -119.336 -119.242 -119.149 -119.058 -118.969 -118.88 -118.792 -118.703 -118.615 -118.526 -118.437 -118.349 -118.262 -118.174 -118.087 -118.0 -117.912 -117.825 -117.737 -117.647 -117.543 -117.44 -117.336 -117.232 -117.128 -117.024 -116.921 -116.814 -116.675 -116.536 -116.397 -116.258 -116.119 -115.98 -115.841
-119.776 -119.722 -119.668 -119.615 -119.561 -119.507 -119.454 -119.455 -119.487 -119.52 -119.552 -119.585 -119.617 -119.649 -119.682 -119.725 -119.777 -119.829 -119.881 -119.933 -119.985 -120.037 -120.089 -120.084 -120.016 -119.949 -119.881 -119.813 -119.745 -119.677 -119.609 -119.533 -119.444 -119.354 -119.265 -119.175 -119.086 -118.996 -118.907 -118.818 -118.733 -118.648 -118.563 -118.478 -118.393 -118.308 -118.223 -118.138 -118.054 -117.97 -117.887 -117.803 -117.719 -117.635 -117.551 -117.465 -117.364 -117.264 -117.164 -117.063 -116.963 -116.863 -116.762 -116.659 -116.523 -116.387 -116.25 -116.114 -115.978 -115.842 -115.705
-119.429 -119.371 -119.314 -119.256 -119.199 -119.141 -119.084 -119.086 -119.122 -119.159 -119.195 -119.232 -119.268 -119.305 -119.341 -119.388 -119.443 -119.499 -119.554 -119.609 -119.664 -119.719 -119.775 -119.773 -119.71 -119.646 -119.583 -119.519 -119.456 -119.393 -119.329 -119.257 -119.172 -119.086 -119.001 -118.916 -118.83 -118.745 -118.66 -118.576 -118.494 -118.413 -118.332 -118.251 -118.17 -118.088 -118.007 -117.926 -117.846 -117.767 -117.687 -117.607 -117.527 -117.447 -117.367 -117.285 -117.188 -117.092 -116.996 -116.899 -116.803 -116.706 -116.61 -116.51 -116.377 -116.244 -116.111 -115.978 -115.845 -115.712 -115.579
-119.082 -119.021 -118.959 -118.898 -118.836 -118.775 -118.714 -118.717 -118.758 -118.798 -118.839 -118.879 -118.92 -118.96 -119.001 -119.051 -119.109 -119.168 -119.226 -119.285 -119.343 -119.401 -119.46 -119.462 -119.403 -119.344 -119.285 -119.226 -119.167 -119.108 -119.049 -118.981 -118.9 -118.819 -118.738 -118.656 -118.575 -118.494 -118.413 -118.333 -118.255 -118.178 -118.101 -118.023 -117.946 -117.869 -117.791 -117.714 -117.639 -117.563 -117.487 -117.411 -117.335 -117.259 -117.184 -117.105 -117.012 -116.92 -116.827 -116.735 -116.642 -116.55 -116.457 -116.361 -116.231 -116.101 -115.972 -115.842 -115.712 -115.582 -115.452
-118.735 -118.67 -118.605 -118.539 -118.474 -118.409 -118.344 -118.348 -118.393 -118.437 -118.482 -118.526 -118.571 -118.615 -118.66 -118.714 -118.775 -118.837 -118.899 -118.96 -119.022 -119.083 -119.145 -119.151 -119.096 -119.042 -118.987 -118.932 -118.878 -118.823 -118.769 -118.705 -118.628 -118.551 -118.474 -118.397 -118.32 -118.243 -118.166 -118.09 -118.016 -117.943 -117.87 -117.796 -117.723 -117.649 -117.576 -117.503 -117.431 -117.359 -117.287 -117.215 -117.143 -117.072 -117.0 -116.925 -116.836 -116.748 -116.659 -116.57 -116.482 -116.393 -116.304 -116.212 -116.086 -115.959 -115.832 -115.705 -115.579 -115.452 -115.325
-118.389 -118.319 -118.25 -118.181 -118.112 -118.043 -117.974 -117.979 -118.028 -118.077 -118.125 -118.174 -118.222 -118.271 -118.319 -118.377 -118.442 -118.506 -118.571 -118.636 -118.7 -118.765 -118.83 -118.84 -118.789 -118.739 -118.689 -118.639 -118.589 -118.539 -118.489 -118.429 -118.356 -118.284 -118.211 -118.138 -118.065 -117.992 -117.919 -117.847 -117.778 -117.708 -117.638 -117.569 -117.499 -117.43 -117.36 -117.291 -117.223 -117.155 -117.087 -117.019 -116.951 -116.884 -116.816 -116.745 -116.66 -116.576 -116.491 -116.406 -116.321 -116.236 -116.152 -116.063 -115.94 -115.816 -115.693 -115.569 -115.446 -115.322 -115.198
-118.042 -117.969 -117.896 -117.823 -117.75 -117.677 -117.604 -117.611 -117.663 -117.716 -117.768 -117.821 -117.873 -117.926 -117.979 -118.04 -118.108 -118.176 -118.243 -118.311 -118.379 -118.447 -118.515 -118.528 -118.483 -118.437 -118.391 -118.346 -118.3 -118.254 -118.208 -118.153 -118.085 -118.016 -117.947 -117.878 -117.81 -117.741 -117.672 -117.604 -117.539 -117.473 -117.407 -117.341 -117.276 -117.21 -117.144 -117.079 -117.015 -116.951 -116.887 -116.823 -116.76 -116.696 -116.632 -116.565 -116.484 -116.403 -116.322 -116.242 -116.161 -116.08 -115.999 -115.915 -115.794 -115.674 -115.553 -115.433 -115.313 -115.192 -115.072
-117.695 -117.618 -117.541 -117.464 -117.387 -117.31 -117.234 -117.242 -117.298 -117.355 -117.412 -117.468 -117.525 -117.581 -117.638 -117.703 -117.774 -117.845 -117.916 -117.987 -118.058 -118.129 -118.2 -118.217 -118.176 -118.135 -118.093 -118.052 -118.011 -117.969 -117.928 -117.878 -117.813 -117.748 -117.684 -117.619 -117.554 -117.49 -117.425 -117.361 -117.3 -117.238 -117.176 -117.114 -117.052 -116.99 -116.928 -116.867 -116.807 -116.747 -116.688 -116.628 -116.568 -116.508 -116.448 -116.385 -116.308 -116.231 -116.154 -116.077 -116.0 -115.923 -115.846 -115.766 -115.648 -115.531 -115.414 -115.297 -115.179 -115.062 -114.945
-117.348 -117.267 -117.187 -117.106 -117.025 -116.944 -116.864 -116.873 -116.933 -116.994 -117.055 -117.115 -117.176 -117.237 -117.297 -117.366 -117.44 -117.514 -117.588 -117.662 -117.737 -117.811 -117.885 -117.906 -117.869 -117.832 -117.796 -117.759 -117.722 -117.685 -117.648 -117.602 -117.541 -117.481 -117.42 -117.36 -117.299 -117.239 -117.178 -117.119 -117.061 -117.003 -116.945 -116.887 -116.829 -116.771 -116.713 -116.655 -116.599 -116.544 -116.488 -116.432 -116.376 -116.32 -116.264 -116.205 -116.132 -116.059 -115.986 -115.913 -115.84 -115.766 -115.693 -115.617 -115.503 -115.389 -115.275 -115.16 -115.046 -114.932 -114.818
-117.053 -116.97 -116.886 -116.803 -116.72 -116.637 -116.553 -116.561 -116.62 -116.679 -116.738 -116.797 -116.856 -116.915 -116.974 -117.041 -117.113 -117.186 -117.258 -117.331 -117.403 -117.476 -117.548 -117.571 -117.538 -117.506 -117.474 -117.442 -117.41 -117.378 -117.345 -117.304 -117.249 -117.194 -117.139 -117.084 -117.029 -116.973 -116.918 -116.864 -116.812 -116.759 -116.707 -116.654 -116.602 -116.549 -116.497 -116.445 -116.395 -116.345 -116.295 -116.245 -116.195 -116.145 -116.095 -116.042 -115.975 -115.908 -115.841 -115.774 -115.707 -115.64 -115.573 -115.503 -115.394 -115.286 -115.177 -115.069 -114.96 -114.851 -114.743
-116.774 -116.688 -116.603 -116.518 -116.433 -116.347 -116.262 -116.266 -116.322 -116.378 -116.434 -116.489 -116.545 -116.601 -116.657 -116.72 -116.789 -116.858 -116.927 -116.997 -117.066 -117.135 -117.204 -117.227 -117.2 -117.173 -117.145 -117.118 -117.091 -117.063 -117.036 -117.0 -116.95 -116.901 -116.852 -116.802 -116.753 -116.704 -116.654 -116.606 -116.559 -116.513 -116.467 -116.42 -116.374 -116.328 -116.281 -116.236 -116.192 -116.149 -116.105 -116.062 -116.018 -115.975 -115.931 -115.885 -115.825 -115.764 -115.704 -115.644 -115.584 -115.524 -115.463 -115.4 -115.297 -115.195 -115.093 -114.991 -114.888 -114.786 -114.684
-116.495 -116.407 -116.32 -116.233 -116.145 -116.058 -115.971 -115.972 -116.025 -116.077 -116.129 -116.182 -116.234 -116.287 -116.339 -116.399 -116.465 -116.531 -116.597 -116.663 -116.729 -116.795 -116.86 -116.884 -116.861 -116.839 -116.816 -116.794 -116.771 -116.749 -116.726 -116.695 -116.652 -116.608 -116.565 -116.521 -116.477 -116.434 -116.39 -116.348 -116.307 -116.267 -116.227 -116.186 -116.146 -116.106 -116.065 -116.026 -115.989 -115.952 -115.915 -115.878 -115.841 -115.804 -115.767 -115.727 -115.674 -115.62 -115.567 -115.514 -115.46 -115.407 -115.353 -115.297 -115.201 -115.105 -115.009 -114.913 -114.817 -114.721 -114.625
-116.216 -116.126 -116.037 -115.947 -115.858 -115.769 -115.679 -115.678 -115.727 -115.776 -115.825 -115.874 -115.923 -115.972 -116.021 -116.078 -116.141 -116.203 -116.266 -116.329 -116.391 -116.454 -116.517 -116.541 -116.523 -116.505 -116.488 -116.47 -116.452 -116.434 -116.417 -116.391 -116.353 -116.315 -116.277 -116.24 -116.202 -116.164 -116.126 -116.089 -116.055 -116.021 -115.987 -115.952 -115.918 -115.884 -115.85 -115.816 -115.786 -115.755 -115.725 -115.694 -115.664 -115.633 -115.603 -115.569 -115.523 -115.476 -115.43 -115.383 -115.337 -115.29 -115.244 -115.194 -115.104 -115.014 -114.925 -114.835 -114.745 -114.656 -114.566
-115.936 -115.845 -115.754 -115.662 -115.571 -115.479 -115.388 -115.384 -115.43 -115.475 -115.521 -115.567 -115.612 -115.658 -115.704 -115.757 -115.816 -115.876 -115.935 -115.995 -116.054 -116.113 -116.173 -116.197 -116.185 -116.172 -116.159 -116.146 -116.133 -116.12 -116.107 -116.086 -116.054 -116.022 -115.99 -115.958 -115.926 -115.894 -115.862 -115.831 -115.803 -115.775 -115.747 -115.718 -115.69 -115.662 -115.634 -115.607 -115.583 -115.559 -115.535 -115.51 -115.486 -115.462 -115.438 -115.412 -115.372 -115.332 -115.293 -115.253 -115.213 -115.174 -115.134 -115.09 -115.007 -114.924 -114.84 -114.757 -114.674 -114.59 -114.507
-115.657 -115.564 -115.471 -115.377 -115.284 -115.19 -115.097 -115.09 -115.132 -115.174 -115.217 -115.259 -115.301 -115.344 -115.386 -115.436 -115.492 -115.548 -115.604 -115.661 -115.717 -115.773 -115.829 -115.854 -115.846 -115.838 -115.83 -115.822 -115.814 -115.806 -115.797 -115.782 -115.756 -115.729 -115.703 -115.677 -115.65 -115.624 -115.598 -115.573 -115.551 -115.529 -115.506 -115.484 -115.462 -115.44 -115.418 -115.397 -115.379 -115.362 -115.344 -115.327 -115.309 -115.292 -115.274 -115.254 -115.221 -115.188 -115.155 -115.123 -115.09 -115.057 -115.024 -114.987 -114.91 -114.833 -114.756 -114.679 -114.602 -114.525 -114.448
-115.378 -115.283 -115.187 -115.092 -114.996 -114.901 -114.805 -114.796 -114.835 -114.874 -114.913 -114.952 -114.991 -115.03 -115.069 -115.115 -115.168 -115.221 -115.274 -115.326 -115.379 -115.432 -115.485 -115.511 -115.508 -115.504 -115.501 -115.498 -115.494 -115.491 -115.488 -115.478 -115.457 -115.437 -115.416 -115.395 -115.375 -115.354 -115.334 -115.315 -115.299 -115.282 -115.266 -115.25 -115.234 -115.218 -115.202 -115.187 -115.176 -115.165 -115.154 -115.143 -115.132 -115.121 -115.11 -115.096 -115.07 -115.044 -115.018 -114.992 -114.966 -114.94 -114.914 -114.884 -114.814 -114.743 -114.672 -114.601 -114.53 -114.46 -114.389
-115.099 -115.002 -114.904 -114.807 -114.709 -114.612 -114.514 -114.501 -114.537 -114.573 -114.608 -114.644 -114.68 -114.715 -114.751 -114.794 -114.844 -114.893 -114.943 -114.992 -115.042 -115.091 -115.141 -115.168 -115.169 -115.171 -115.172 -115.174 -115.175 -115.177 -115.178 -115.173 -115.158 -115.144 -115.129 -115.114 -115.099 -115.084 -115.07 -115.056 -115.046 -115.036 -115.026 -115.016 -115.006 -114.996 -114.986 -114.978 -114.973 -114.969 -114.964 -114.959 -114.955 -114.95 -114.946 -114.939 -114.92 -114.9 -114.881 -114.862 -114.843 -114.824 -114.804 -114.781 -114.717 -114.652 -114.588 -114.523 -114.459 -114.394 -114.33
-114.879 -114.781 -114.683 -114.585 -114.487 -114.389 -114.291 -114.274 -114.302 -114.33 -114.358 -114.387 -114.415 -114.443 -114.471 -114.508 -114.552 -114.596 -114.639 -114.683 -114.727 -114.771 -114.815 -114.839 -114.844 -114.848 -114.852 -114.857 -114.861 -114.866 -114.87 -114.869 -114.86 -114.85 -114.841 -114.832 -114.823 -114.813 -114.804 -114.797 -114.794 -114.791 -114.788 -114.785 -114.782 -114.779 -114.776 -114.775 -114.778 -114.782 -114.785 -114.789 -114.792 -114.796 -114.799 -114.801 -114.79 -114.78 -114.77 -114.759 -114.749 -114.738 -114.728 -114.714 -114.658 -114.602 -114.546 -114.49 -114.434 -114.378 -114.323
-114.687 -114.589 -114.492 -114.394 -114.296 -114.199 -114.101 -114.078 -114.096 -114.115 -114.134 -114.153 -114.172 -114.19 -114.209 -114.238 -114.275 -114.312 -114.349 -114.386 -114.422 -114.459 -114.496 -114.518 -114.525 -114.531 -114.537 -114.543 -114.55 -114.556 -114.562 -114.564 -114.561 -114.557 -114.553 -114.549 -114.546 -114.542 -114.538 -114.537 -114.541 -114.546 -114.551 -114.555 -114.56 -114.564 -114.569 -114.575 -114.587 -114.6 -114.612 -114.625 -114.637 -114.649 -114.662 -114.672 -114.671 -114.671 -114.67 -114.669 -114.669 -114.668 -114.667 -114.663 -114.616 -114.57 -114.524 -114.478 -114.432 -114.386 -114.34
-114.495 -114.397 -114.3 -114.203 -114.105 -114.008 -113.911 -113.881 -113.891 -113.9 -113.91 -113.919 -113.928 -113.938 -113.947 -113.968 -113.998 -114.028 -114.058 -114.088 -114.118 -114.148 -114.178 -114.197 -114.206 -114.214 -114.222 -114.23 -114.238 -114.246 -114.254 -114.26 -114.262 -114.263 -114.265 -114.267 -114.269 -114.27 -114.272 -114.277 -114.289 -114.301 -114.313 -114.325 -114.337 -114.349 -114.361 -114.375 -114.397 -114.418 -114.439 -114.46 -114.482 -114.503 -114.524 -114.543 -114.552 -114.561 -114.57 -114.579 -114.588 -114.597 -114.606 -114.612 -114.575 -114.539 -114.502 -114.466 -114.429 -114.393 -114.357
-114.302 -114.205 -114.108 -114.011 -113.914 -113.817 -113.72 -113.685 -113.685 -113.685 -113.685 -113.685 -113.685 -113.685 -113.685 -113.698 -113.721 -113.744 -113.767 -113.79 -113.813 -113.837 -113.86 -113.876 -113.887 -113.897 -113.907 -113.917 -113.927 -113.937 -113.947 -113.956 -113.963 -113.97 -113.977 -113.984 -113.991 -113.999 -114.006 -114.017 -114.036 -114.056 -114.075 -114.095 -114.115 -114.134 -114.154 -114.176 -114.206 -114.236 -114.266 -114.296 -114.326 -114.356 -114.386 -114.415 -114.433 -114.452 -114.471 -114.489 -114.508 -114.527 -114.545 -114.56 -114.534 -114.507 -114.48 -114.454 -114.427 -114.4 -114.374
-114.11 -114.013 -113.917 -113.82 -113.723 -113.627 -113.53 -113.489 -113.479 -113.47 -113.461 -113.451 -113.442 -113.432 -113.423 -113.428 -113.444 -113.46 -113.477 -113.493 -113.509 -113.525 -113.541 -113.556 -113.567 -113.579 -113.591 -113.603 -113.615 -113.627 -113.639 -113.651 -113.664 -113.676 -113.689 -113.702 -113.714 -113.727 -113.74 -113.757 -113.784 -113.811 -113.838 -113.865 -113.892 -113.919 -113.946 -113.976 -114.015 -114.054 -114.093 -114.132 -114.171 -114.21 -114.249 -114.286 -114.314 -114.343 -114.371 -114.4 -114.428 -114.456 -114.485 -114.509 -114.492 -114.475 -114.458 -114.442 -114.425 -114.408 -114.391
-113.918 -113.821 -113.725 -113.629 -113.532 -113.436 -113.34 -113.293 -113.274 -113.255 -113.236 -113.217 -113.199 -113.18 -113.161 -113.158 -113.167 -113.176 -113.186 -113.195 -113.204 -113.214 -113.223 -113.235 -113.248 -113.262 -113.276 -113.29 -113.304 -113.317 -113.331 -113.347 -113.365 -113.383 -113.401 -113.419 -113.437 -113.455 -113.474 -113.497 -113.531 -113.566 -113.6 -113.635 -113.669 -113.704 -113.738 -113.776 -113.824 -113.872 -113.92 -113.967 -114.015 -114.063 -114.111 -114.157 -114.195 -114.233 -114.272 -114.31 -114.348 -114.386 -114.424 -114.458 -114.451 -114.444 -114.437 -114.429 -114.422 -114.415 -114.408
-113.725 -113.629 -113.533 -113.437 -113.341 -113.245 -113.149 -113.096 -113.068 -113.04 -113.012 -112.984 -112.955 -112.927 -112.899 -112.888 -112.89 -112.893 -112.895 -112.897 -112.9 -112.902 -112.905 -112.914 -112.929 -112.945 -112.961 -112.976 -112.992 -113.008 -113.023 -113.042 -113.066 -113.089 -113.113 -113.137 -113.16 -113.184 -113.208 -113.237 -113.279 -113.321 -113.363 -113.405 -113.447 -113.489 -113.531 -113.576 -113.633 -113.69 -113.746 -113.803 -113.86 -113.917 -113.973 -114.029 -114.076 -114.124 -114.172 -114.22 -114.267 -114.315 -114.363 -114.407 -114.41 -114.412 -114.415 -114.417 -114.42 -114.422 -114.425
-113.533 -113.437 -113.342 -113.246 -113.15 -113.055 -112.959 -112.9 -112.863 -112.825 -112.787 -112.75 -112.712 -112.674 -112.637 -112.618 -112.613 -112.609 -112.604 -112.6 -112.595 -112.591 -112.587 -112.593 -112.61 -112.628 -112.645 -112.663 -112.68 -112.698 -112.716 -112.738 -112.767 -112.796 -112.825 -112.854 -112.883 -112.912 -112.941 -112.977 -113.027 -113.076 -113.125 -113.175 -113.224 -113.274 -113.323 -113.377 -113.442 -113.508 -113.573 -113.639 -113.704 -113.77 -113.836 -113.9 -113.957 -114.015 -114.072 -114.13 -114.187 -114.245 -114.302 -114.356 -114.368 -114.381 -114.393 -114.405 -114.417 -114.43 -114.442
-113.374 -113.277 -113.18 -113.083 -112.985 -112.888 -112.791 -112.725 -112.677 -112.63 -112.582 -112.534 -112.486 -112.438 -112.39 -112.362 -112.35 -112.337 -112.324 -112.312 -112.299 -112.287 -112.274 -112.277 -112.295 -112.314 -112.333 -112.352 -112.37 -112.389 -112.408 -112.433 -112.468 -112.503 -112.538 -112.572 -112.607 -112.642 -112.677 -112.719 -112.777 -112.835 -112.893 -112.951 -113.008 -113.066 -113.124 -113.186 -113.262 -113.338 -113.413 -113.489 -113.564 -113.64 -113.716 -113.79 -113.859 -113.928 -113.996 -114.065 -114.134 -114.202 -114.271 -114.336 -114.36 -114.385 -114.409 -114.433 -114.458 -114.482 -114.506
-113.238 -113.138 -113.038 -112.938 -112.838 -112.738 -112.639 -112.565 -112.506 -112.447 -112.389 -112.33 -112.271 -112.212 -112.154 -112.116 -112.094 -112.073 -112.052 -112.03 -112.009 -111.988 -111.966 -111.964 -111.984 -112.003 -112.022 -112.042 -112.061 -112.08 -112.099 -112.127 -112.168 -112.209 -112.25 -112.291 -112.332 -112.373 -112.414 -112.463 -112.53 -112.597 -112.663 -112.73 -112.797 -112.864 -112.931 -113.002 -113.089 -113.175 -113.262 -113.348 -113.435 -113.521 -113.608 -113.694 -113.774 -113.855 -113.936 -114.017 -114.097 -114.178 -114.259 -114.336 -114.374 -114.412 -114.45 -114.488 -114.526 -114.564 -114.602
-113.101 -112.999 -112.896 -112.794 -112.691 -112.588 -112.486 -112.404 -112.335 -112.265 -112.196 -112.126 -112.056 -111.987 -111.917 -111.87 -111.839 -111.809 -111.779 -111.749 -111.719 -111.688 -111.658 -111.652 -111.672 -111.692 -111.712 -111.732 -111.751 -111.771 -111.791 -111.822 -111.869 -111.916 -111.963 -112.01 -112.057 -112.104 -112.151 -112.207 -112.283 -112.358 -112.434 -112.51 -112.586 -112.661 -112.737 -112.818 -112.915 -113.013 -113.11 -113.208 -113.305 -113.403 -113.5 -113.597 -113.69 -113.783 -113.875 -113.968 -114.061 -114.154 -114.247 -114.337 -114.388 -114.44 -114.492 -114.543 -114.595 -114.646 -114.698
-112.965 -112.859 -112.754 -112.649 -112.544 -112.439 -112.333 -112.244 -112.163 -112.083 -112.003 -111.922 -111.842 -111.761 -111.681 -111.624 -111.584 -111.545 -111.506 -111.467 -111.428 -111.389 -111.35 -111.34 -111.36 -111.381 -111.401 -111.422 -111.442 -111.463 -111.483 -111.517 -111.57 -111.623 -111.676 -111.729 -111.782 -111.835 -111.888 -111.951 -112.035 -112.12 -112.205 -112.289 -112.374 -112.459 -112.543 -112.634 -112.742 -112.85 -112.959 -113.067 -113.175 -113.284 -113.392 -113.5 -113.605 -113.71 -113.815 -113.92 -114.025 -114.13 -114.235 -114.337 -114.402 -114.468 -114.533 -114.598 -114.663 -114.729 -114.794
-112.828 -112.72 -112.612 -112.504 -112.397 -112.289 -112.181 -112.083 -111.992 -111.901 -111.81 -111.718 -111.627 -111.536 -111.444 -111.377 -111.329 -111.282 -111.234 -111.186 -111.138 -111.09 -111.042 -111.027 -111.048 -111.069 -111.09 -111.112 -111.133 -111.154 -111.175 -111.211 -111.27 -111.329 -111.388 -111.447 -111.506 -111.565 -111.624 -111.695 -111.788 -111.882 -111.975 -112.069 -112.163 -112.256 -112.35 -112.45 -112.569 -112.688 -112.807 -112.927 -113.046 -113.165 -113.284 -113.403 -113.52 -113.638 -113.755 -113.872 -113.989 -114.106 -114.223 -114.337 -114.416 -114.495 -114.574 -114.653 -114.732 -114.811 -114.89
-112.692 -112.581 -112.471 -112.36 -112.249 -112.139 -112.028 -111.923 -111.821 -111.719 -111.617 -111.514 -111.412 -111.31 -111.208 -111.131 -111.074 -111.018 -110.961 -110.904 -110.847 -110.791 -110.734 -110.715 -110.736 -110.758 -110.78 -110.802 -110.823 -110.845 -110.867 -110.906 -110.971 -111.036 -111.101 -111.166 -111.231 -111.296 -111.361 -111.438 -111.541 -111.643 -111.746 -111.849 -111.951 -112.054 -112.156 -112.265 -112.396 -112.526 -112.656 -112.786 -112.916 -113.046 -113.176 -113.306 -113.436 -113.565 -113.694 -113.824 -113.953 -114.082 -114.212 -114.338 -114.43 -114.523 -114.616 -114.708 -114.801 -114.893 -114.986
