pygmi/test/k.asc
ncols 			232
nrows 			481
xllcorner 			-20187.5000000001
yllcorner 			-2823315.0
cellsize 			125.0
nodata_value 		1e+20
[rows 32 to 63 of 481, columns 0 to 70 of 232]
1e+20 1e+20 1e+20 1e+20 1e+20 1e+20 1e+20 1e+20 1e+20 1e+20 1e+20 1e+20 1e+20 1e+20 1e+20 1e+20 1e+20 1e+20 0.416839 0.450708 0.45059 0.160856 0.288329 0.622524 0.774857 0.991851 0.773482 0.96671 1.2181 0.834781 1.27485 0.849111 0.690707 1.02581 1.31364 1.04202 1.16731 0.921235 0.73727 0.755664 0.789769 0.840963 0.665916 0.651707 0.997946 1.14412 1.23329 1.19478 1.21335 1.28716 1.10607 1.08777 0.991386 0.804744 0.492786 0.600964 0.571442 0.629411 0.769509 0.573842 0.659842 0.468885 0.686665 0.58857 0.629148 0.801891 0.927734 0.400278 1.10153 0.899433 0.81739
1e+20 1e+20 1e+20 1e+20 1e+20 1e+20 1e+20 1e+20 1e+20 1e+20 1e+20 1e+20 1e+20 1e+20 1e+20 1e+20 1e+20 1e+20 0.574924 0.592251 0.623505 0.464049 0.475999 0.658874 0.94729 0.898842 0.941154 1.27357 1.45281 0.920485 1.32246 0.59781 0.689321 0.91332 0.720323 0.776461 1.12134 1.30064 1.03518 0.958722 0.994871 0.852145 0.876663 0.712857 0.895755 1.25993 1.19306 0.877346 1.02952 1.45075 1.24996 1.02985 0.840285 0.777905 0.202178 0.526581 0.709089 0.913814 0.533067 0.620829 0.700844 0.461209 0.693732 0.698377 0.591025 1.0001 0.948561 0.643769 0.738087 0.490485 0.604982
1e+20 1e+20 1e+20 1e+20 1e+20 1e+20 1e+20 1e+20 1e+20 1e+20 1e+20 1e+20 1e+20 1e+20 1e+20 1e+20 1e+20 1e+20 0.62649 0.673493 0.765433 0.529927 0.381958 0.599277 0.764667 0.55058 0.582887 0.868273 1.03453 0.638104 0.821049 0.726225 0.373346 0.716389 0.828964 0.862381 0.704183 0.628323 0.824217 0.916164 0.924018 0.689326 0.963965 1.27132 0.684674 0.807636 0.856032 0.364105 0.647382 0.931762 0.963616 0.881012 0.882679 1.29687 0.726465 0.564303 0.677127 1.10887 1.28839 0.931532 0.568086 0.730297 0.822805 0.596769 0.524175 1.20382 0.715925 1.05761 0.863656 0.727075 0.589298
1e+20 1e+20 1e+20 1e+20 1e+20 1e+20 1e+20 1e+20 1e+20 1e+20 1e+20 1e+20 1e+20 1e+20 1e+20 1e+20 1e+20 1e+20 0.681377 0.592207 0.566246 0.504019 0.363633 0.622451 0.816833 0.584475 0.456839 0.509329 0.661899 0.701766 0.529211 0.668084 0.54422 0.691001 0.737064 0.757381 0.606018 0.353212 0.670911 0.95409 1.09775 0.689238 0.693982 0.882082 0.756379 0.953656 0.416157 0.621856 0.794849 0.67013 0.601377 0.739317 1.02651 1.19075 0.944575 0.678345 0.706735 0.853771 1.12275 0.664848 0.393655 0.812458 0.658131 0.51483 0.427989 0.628215 0.453349 1.20859 0.802314 0.404901 0.363307
1e+20 1e+20 1e+20 1e+20 1e+20 1e+20 1e+20 1e+20 1e+20 1e+20 1e+20 1e+20 1e+20 1e+20 1e+20 1e+20 1e+20 1e+20 0.78378 0.731971 0.464492 0.484065 0.443152 0.715577 0.880612 0.923122 0.486027 0.433945 0.296714 0.826073 0.64367 0.95952 0.737102 0.810656 0.745211 0.714974 0.859794 1.01092 0.921488 0.997434 0.863363 0.53158 0.765226 0.634036 0.397452 0.643036 0.700853 1.01548 0.758976 0.860285 0.449117 0.399378 0.594967 0.827677 0.869204 0.938944 0.833717 0.742744 0.754828 0.392506 0.300647 0.711309 0.481418 0.663727 0.519383 0.479251 0.744001 0.857047 0.547088 0.534404 0.301289
1e+20 1e+20 1e+20 1e+20 1e+20 1e+20 1e+20 1e+20 1e+20 1e+20 1e+20 1e+20 1e+20 1e+20 1e+20 1e+20 1e+20 1e+20 0.269918 0.469248 0.401292 0.408384 0.511751 0.559396 0.539523 0.704508 0.762728 0.933805 0.485548 0.482478 0.34908 1.11403 1.11132 1.04714 0.658944 0.722211 0.924882 1.0536 0.993038 0.995169 0.557169 0.501444 0.871257 0.278754 0.381657 0.893348 0.671977 0.768362 0.824104 0.78654 0.804371 0.661591 0.49775 0.749594 0.546942 1.00442 0.834995 0.62621 0.78447 0.585818 0.631332 1.37453 0.813746 0.534736 0.525641 0.267303 0.28527 0.386191 0.400215 0.566487 0.267012
1e+20 1e+20 1e+20 1e+20 1e+20 1e+20 1e+20 1e+20 1e+20 1e+20 1e+20 1e+20 1e+20 1e+20 1e+20 1e+20 1e+20 1e+20 0.396939 0.489978 0.421797 0.366784 0.399394 0.558159 0.716604 0.737033 0.715821 0.806192 0.846927 0.551522 0.557964 0.564763 0.825487 0.689713 0.704798 0.740051 0.813679 0.593033 0.662956 0.86746 0.742227 0.349571 0.935253 0.544594 0.357024 0.678261 0.345078 0.454088 0.936309 0.965475 1.14144 0.610854 0.709832 1.15698 0.47389 0.711626 0.667232 0.480521 0.549649 0.592525 0.607932 1.02572 0.912744 0.53479 0.481018 0.159817 0.315205 0.319336 0.362983 0.71945 0.614491
1e+20 1e+20 1e+20 1e+20 1e+20 1e+20 1e+20 1e+20 1e+20 1e+20 1e+20 1e+20 1e+20 1e+20 1e+20 1e+20 1e+20 1e+20 0.659101 0.685598 0.565598 0.551548 0.414659 0.597227 0.594472 0.694741 0.708524 0.706816 0.516852 0.547062 0.700884 0.627957 0.754203 0.699108 0.801585 0.630675 0.541615 0.566967 0.742109 0.848666 0.838613 0.480463 0.547289 0.65136 0.53025 0.867279 0.747721 0.585293 0.672377 0.749757 1.03427 0.732773 0.585794 0.940369 0.610982 0.712091 0.787606 0.711208 0.565136 0.701835 0.650515 0.756168 0.962802 0.922478 0.884066 0.494362 0.4986 0.447348 0.664729 0.509659 0.544624
1e+20 1e+20 1e+20 1e+20 1e+20 1e+20 1e+20 1e+20 1e+20 1e+20 1e+20 1e+20 1e+20 1e+20 1e+20 1e+20 1e+20 1e+20 0.743623 0.68749 0.483034 0.537913 0.519093 0.653185 0.373315 0.735387 0.707754 0.573545 0.534242 0.534319 0.443988 0.56533 0.762277 0.625841 0.635056 0.502153 0.535293 0.724415 0.989765 0.976625 1.24427 0.873358 0.81294 0.612694 0.429905 0.795498 0.715346 0.687867 0.660421 0.821921 1.1037 0.710361 0.759984 0.935403 0.640896 0.678117 0.881057 0.787399 0.781476 0.98825 0.833508 0.750386 1.08322 1.14971 0.844718 0.554313 0.539668 0.693565 0.613078 0.757673 0.694525
1e+20 1e+20 1e+20 1e+20 1e+20 1e+20 1e+20 1e+20 1e+20 1e+20 1e+20 1e+20 1e+20 1e+20 1e+20 1e+20 1e+20 1e+20 0.580404 0.625182 0.523071 0.96815 0.511744 0.360912 0.00141967 0.932411 1.04435 0.893505 0.662015 0.68389 0.798935 0.545201 0.638729 0.694029 0.657888 0.607616 0.733467 0.804663 0.967294 0.970422 1.67919 1.01771 0.345828 0.50369 0.779675 0.592547 0.469664 0.718041 0.805344 0.781459 0.880669 0.622854 0.780218 0.724679 0.539381 0.517898 0.704582 0.897443 0.8619 0.993523 0.712752 0.514416 0.909497 0.838082 0.73797 1.03193 1.02152 1.08349 0.542447 0.89591 0.974335
1e+20 1e+20 1e+20 1e+20 1e+20 1e+20 1e+20 1e+20 1e+20 1e+20 1e+20 1e+20 1e+20 1e+20 1e+20 1e+20 1e+20 1e+20 0.390185 0.254868 -0.000603728 0.675088 0.62305 0.558278 0.757535 0.802129 0.980441 0.81154 0.602611 0.690873 0.48325 0.628606 0.630692 0.616944 0.564311 0.611733 0.771294 0.612313 0.608434 0.720604 0.980605 0.783841 0.0574041 0.433837 0.639702 0.68393 0.513655 0.732001 0.904507 0.885774 0.79353 0.430813 0.519688 0.364264 0.592969 0.522841 0.522701 0.795126 1.04539 1.00054 0.757964 0.486101 0.336001 0.523402 0.735183 0.967551 0.823172 0.685701 0.528835 1.03447 1.02596
1e+20 1e+20 1e+20 1e+20 1e+20 1e+20 1e+20 1e+20 1e+20 1e+20 1e+20 1e+20 1e+20 1e+20 1e+20 1e+20 1e+20 1e+20 0.371542 0.247669 0.152887 0.519681 0.622582 0.564256 0.950798 0.446536 0.984644 0.932248 0.405484 0.681607 0.64493 0.977158 0.686924 0.761404 0.521321 0.481648 0.606492 0.422099 0.453715 0.592658 0.495126 0.626412 0.245418 0.632771 0.652999 0.549349 0.422732 0.717769 0.690473 0.89853 0.8518 0.497096 0.862432 0.998323 0.886155 0.628904 0.463574 0.842202 1.29461 1.15752 1.18564 0.941024 0.797923 1.08937 0.983501 0.990931 0.722387 0.45789 0.457967 0.834988 1.07657
1e+20 1e+20 1e+20 1e+20 1e+20 1e+20 1e+20 1e+20 1e+20 1e+20 1e+20 1e+20 1e+20 1e+20 1e+20 1e+20 1e+20 1e+20 0.406333 0.360051 0.336583 0.491001 0.58108 0.660627 0.514267 0.444861 0.393649 0.60631 0.43118 0.620903 0.68244 0.920059 0.696278 0.98034 0.799946 0.648038 0.728195 0.495984 0.557484 0.960479 0.902838 1.09674 0.729138 0.533683 0.308016 0.671889 0.651659 0.538779 0.771342 0.859674 0.948015 0.492176 0.744265 0.760589 0.826019 0.623807 0.696308 0.7641 0.862319 0.840382 1.34608 0.967863 0.844444 1.2824 1.02086 1.18773 0.946895 0.803714 0.490177 0.668101 0.981314
1e+20 1e+20 1e+20 1e+20 1e+20 1e+20 1e+20 1e+20 1e+20 1e+20 1e+20 1e+20 1e+20 1e+20 1e+20 1e+20 1e+20 0.436169 0.41431 0.396663 0.429597 0.462859 0.496094 0.807222 0.706735 0.818252 0.300096 0.431293 0.343195 0.507926 0.806304 1.09438 0.751899 0.924669 0.82874 0.418895 0.539741 0.47424 0.679831 0.940499 0.838745 0.959028 0.689102 0.615845 0.920975 0.78085 1.03094 0.984228 0.802044 0.644125 1.0025 0.965959 1.04658 0.931377 0.703497 0.503789 0.774796 0.676499 0.71349 0.86953 0.850717 0.723391 0.865845 1.06784 0.819554 1.04378 0.876236 1.14483 0.817654 0.768988 0.941409
1e+20 1e+20 1e+20 1e+20 1e+20 1e+20 1e+20 1e+20 1e+20 1e+20 1e+20 1e+20 1e+20 1e+20 1e+20 1e+20 1e+20 0.477815 0.393702 0.395819 0.425211 0.449202 0.475857 0.679825 0.335083 0.629909 0.727494 0.608714 0.492543 0.607375 0.818136 0.917136 0.684629 0.879273 0.792976 0.608427 0.679523 0.457578 0.528665 0.890859 0.466857 0.517465 0.541387 0.480411 0.229764 0.164849 0.753768 0.698274 0.673486 0.592793 0.882549 1.06431 0.847142 0.752508 0.755721 0.845871 0.929333 0.733927 0.842905 1.14715 0.748292 0.714859 0.85457 1.18713 0.890897 0.687515 0.333798 0.791024 0.758678 0.794374 0.797174
1e+20 1e+20 1e+20 1e+20 1e+20 1e+20 1e+20 1e+20 1e+20 1e+20 1e+20 1e+20 1e+20 1e+20 1e+20 1e+20 1e+20 0.400568 0.340759 0.3549 0.409336 0.390334 0.312271 0.467134 0.36669 0.437987 0.798792 0.809372 0.589281 0.689189 0.852182 0.847889 0.536165 0.589329 0.497365 0.552036 0.750549 0.794583 0.609715 1.04299 1.03562 0.740234 0.810868 0.790573 0.391262 0.206677 0.610479 0.557791 0.478157 0.567813 0.596359 0.632236 0.414162 0.709551 0.866337 1.11896 0.914614 0.946076 1.19286 1.11724 0.950502 1.18636 1.58696 1.55142 0.843954 0.654922 0.566298 0.680134 0.752778 0.880708 0.616965
1e+20 1e+20 1e+20 1e+20 1e+20 1e+20 1e+20 1e+20 1e+20 1e+20 1e+20 1e+20 1e+20 1e+20 1e+20 1e+20 1e+20 0.450603 0.315939 0.345772 0.470783 0.571111 0.503658 0.191167 0.373624 0.366387 0.671107 0.906734 0.5446 0.455174 0.735679 0.819264 0.492301 0.537735 0.456382 0.603821 0.713208 0.621322 0.554518 0.931408 0.668758 0.520244 0.869555 0.795293 0.652468 0.227112 0.421475 0.719215 0.426818 0.601692 0.659469 0.495475 0.456225 0.762763 0.75832 1.0311 1.01635 0.911927 0.909806 0.972552 0.834806 0.974282 1.48605 1.90498 0.978882 0.527568 0.837927 0.92256 1.06918 1.24701 1.01395
1e+20 1e+20 1e+20 1e+20 1e+20 1e+20 1e+20 1e+20 1e+20 1e+20 1e+20 1e+20 1e+20 1e+20 1e+20 1e+20 1e+20 0.388796 0.219403 0.413763 0.585921 0.857257 1.01712 0.643708 0.419123 0.200142 0.43963 0.618412 0.24696 0.078509 0.390232 0.472719 0.233728 0.259271 0.188741 0.497513 0.641627 0.525986 0.283414 0.376564 0.0437405 0.616058 0.690361 0.480899 1.05212 0.743281 1.11018 0.724883 0.622341 0.599704 0.720409 0.516538 0.586131 1.31742 0.980672 1.06091 1.08784 0.950235 1.0374 1.07235 0.860423 0.861169 0.729454 1.43183 1.14854 0.633891 0.939371 1.0885 1.11553 0.962694 0.775622
1e+20 1e+20 1e+20 1e+20 1e+20 1e+20 1e+20 1e+20 1e+20 1e+20 1e+20 1e+20 1e+20 1e+20 1e+20 1e+20 1e+20 0.323277 -0.0899024 0.336741 0.376681 0.735227 0.800307 0.786079 0.448436 0.111122 0.336318 0.617872 0.475926 0.538774 0.496436 0.507651 0.434478 0.409919 0.457488 0.361804 0.464449 0.279011 0.380363 0.487797 0.261326 0.561432 0.682393 0.383902 0.507362 0.355071 1.08827 0.859268 0.906933 0.686675 0.557812 0.611307 0.963689 1.15558 0.987584 0.836157 0.710198 0.791288 1.10877 1.17466 0.744036 0.77304 0.983757 1.37284 1.23416 1.01644 1.12558 0.89396 0.90543 0.876156 1.31622
1e+20 1e+20 1e+20 1e+20 1e+20 1e+20 1e+20 1e+20 1e+20 1e+20 1e+20 1e+20 1e+20 1e+20 1e+20 1e+20 1e+20 0.599333 0.0383228 -0.181901 -0.253151 0.198666 0.308901 0.249221 0.305453 0.49849 0.564554 0.57516 0.407907 0.573709 0.466411 0.446264 0.573322 0.511253 0.540076 0.080877 0.322193 0.52839 0.666086 0.609109 0.619466 0.732841 0.846514 0.723276 0.515782 0.208545 0.385013 0.433494 0.846428 0.940492 0.579541 0.686488 0.756678 0.787764 0.703932 0.496273 0.748347 0.976166 1.23573 1.34162 0.95859 0.71363 0.925281 0.972041 1.07522 1.18055 1.22692 1.04826 1.01549 0.863228 1.1301
1e+20 1e+20 1e+20 1e+20 1e+20 1e+20 1e+20 1e+20 1e+20 1e+20 1e+20 1e+20 1e+20 1e+20 1e+20 1e+20 1e+20 0.584655 0.194235 0.181164 0.0615889 0.191116 0.269287 0.397903 0.111791 0.158678 0.453357 0.545117 0.24352 0.319813 0.329591 0.538766 0.491616 0.31733 0.463363 0.265162 0.345542 0.425029 0.804531 0.847466 0.826474 0.783743 0.707401 0.35453 0.34357 0.528135 0.627908 0.646587 0.775015 0.558323 0.679648 0.876248 0.779308 0.730023 0.728357 0.560779 0.916833 1.10314 0.834932 0.591323 0.706871 0.339788 0.608254 0.872215 0.820554 1.25521 1.22242 0.885166 0.861448 0.600353 0.979509
1e+20 1e+20 1e+20 1e+20 1e+20 1e+20 1e+20 1e+20 1e+20 1e+20 1e+20 1e+20 1e+20 1e+20 1e+20 1e+20 1e+20 0.805248 0.674767 0.531699 0.27488 0.155175 0.277724 0.406983 0.0399082 0.228604 0.390444 0.39504 0.667584 0.329199 0.294345 0.437199 0.448007 0.336404 0.441497 0.413136 0.168715 0.282287 0.894071 0.835228 0.574215 0.628286 0.209263 0.191982 0.257607 0.520475 0.60233 0.710533 0.577758 0.661014 0.875719 0.88515 0.739395 0.751567 0.918298 0.779528 0.971079 0.852604 0.752135 0.541029 0.893704 0.800502 0.635439 0.93368 1.19142 1.44205 0.904838 1.20477 1.26502 1.02936 1.54945
1e+20 1e+20 1e+20 1e+20 1e+20 1e+20 1e+20 1e+20 1e+20 1e+20 1e+20 1e+20 1e+20 1e+20 1e+20 1e+20 1e+20 0.700309 0.837195 0.7587 0.481593 0.214398 -0.106411 0.030947 0.103871 0.270075 0.225687 -0.188171 0.132248 0.392463 0.36761 0.389776 0.385531 0.335275 0.503348 0.586923 0.792893 0.222144 0.421599 0.683068 0.330006 0.601595 0.475409 0.420517 0.406757 0.559144 0.84255 0.83113 0.611232 1.2204 1.07573 0.710748 0.863712 0.919975 0.998337 0.804787 0.908193 0.672382 0.464318 0.609716 0.755047 1.2135 1.33069 1.27207 0.730303 1.06325 1.07244 1.4099 1.11337 0.918805 1.83187
1e+20 1e+20 1e+20 1e+20 1e+20 1e+20 1e+20 1e+20 1e+20 1e+20 1e+20 1e+20 1e+20 1e+20 1e+20 1e+20 1e+20 0.377124 0.510816 0.815644 0.617599 0.612998 0.148884 -0.0896662 0.0724242 0.408398 0.55718 0.224612 0.532269 0.794115 0.633481 0.44554 0.463573 0.450368 0.337936 0.24326 0.419396 0.310212 0.298685 0.950794 0.849192 0.916252 0.453846 0.538051 0.629164 0.710692 0.793582 1.05998 0.81211 0.936823 1.04856 0.769955 0.675757 0.842341 0.728647 0.891925 0.951382 0.54433 0.698 1.01115 0.806412 1.14749 1.27917 0.639373 0.498874 0.934448 1.08543 1.20266 0.882615 0.815839 1.28451
1e+20 1e+20 1e+20 1e+20 1e+20 1e+20 1e+20 1e+20 1e+20 1e+20 1e+20 1e+20 1e+20 1e+20 1e+20 1e+20 1e+20 0.281201 0.334528 0.629402 0.535651 0.62815 0.435671 0.496973 0.719206 0.65385 0.566836 0.227263 0.364928 0.372062 0.471837 0.360169 0.418041 0.395592 0.243498 0.265444 0.213343 0.516213 0.621811 0.987848 0.89615 0.989513 0.969174 0.860834 0.865347 0.859214 0.510016 0.723611 0.534073 0.479015 0.821249 1.05431 0.849077 0.705965 0.921243 1.50276 1.10151 0.431004 0.664083 0.750879 0.5605 0.797315 0.961752 0.710453 0.537381 1.12891 0.908566 1.04671 0.825615 0.989279 1.08358
1e+20 1e+20 1e+20 1e+20 1e+20 1e+20 1e+20 1e+20 1e+20 1e+20 1e+20 1e+20 1e+20 1e+20 1e+20 1e+20 1e+20 1e+20 0.218994 0.27517 0.228384 0.576293 0.626178 0.712869 0.613038 0.657595 0.634769 0.277218 0.554312 0.463053 0.16648 0.337384 0.381116 0.317896 0.403657 0.567667 0.0023922 0.254619 0.670275 1.25794 0.939681 0.742227 0.55641 0.46806 0.751333 0.87828 0.635542 0.674904 0.605513 0.53641 0.545649 0.560954 0.421405 0.376499 0.829632 1.10088 0.948257 0.466243 0.759051 0.967419 0.584451 0.696802 0.943231 1.1111 0.969028 1.24895 0.587363 0.742619 0.69511 1.18941 0.768886
1e+20 1e+20 1e+20 1e+20 1e+20 1e+20 1e+20 1e+20 1e+20 1e+20 1e+20 1e+20 1e+20 1e+20 1e+20 1e+20 1e+20 1e+20 0.232177 0.222903 0.363552 0.507861 0.532138 0.443889 0.489687 0.91146 0.752944 0.57487 0.987748 0.804792 0.585812 1.10054 0.577747 0.62643 0.432668 0.503973 0.517456 0.0108484 0.231037 0.600598 0.607001 0.606186 0.243351 -0.0561073 0.53185 0.586631 0.3751 0.138869 0.342556 0.582966 0.315707 0.376842 0.399062 0.638958 0.771466 0.636039 0.564877 0.640864 0.797993 0.837732 0.657833 0.57941 0.887369 1.17524 0.74068 0.882032 0.880674 0.819069 0.790657 1.02287 0.265673
1e+20 1e+20 1e+20 1e+20 1e+20 1e+20 1e+20 1e+20 1e+20 1e+20 1e+20 1e+20 1e+20 1e+20 1e+20 1e+20 1e+20 1e+20 0.359148 0.512232 0.723829 0.611586 0.45154 0.315857 0.633619 0.659249 0.648793 0.450397 0.608952 0.840607 0.521825 0.69985 0.513283 0.144463 0.0928112 0.101173 0.676032 0.322726 0.146486 0.443758 0.772204 0.893249 0.347167 -0.053407 0.149461 0.613574 0.558797 0.642433 0.365008 0.5476 0.511559 0.758809 0.838733 1.18007 0.990197 0.660752 0.697388 0.899399 0.868722 0.780511 0.282646 0.187158 0.346307 0.711328 0.568268 0.456579 0.559497 0.553096 0.616076 0.691406 0.445867
1e+20 1e+20 1e+20 1e+20 1e+20 1e+20 1e+20 1e+20 1e+20 1e+20 1e+20 1e+20 1e+20 1e+20 1e+20 1e+20 1e+20 1e+20 0.277977 0.589921 0.862825 0.688363 0.538976 0.599155 0.672941 0.289055 0.370036 0.564501 0.290465 0.678047 0.34363 0.395899 0.489805 0.251341 0.27999 0.243495 0.416105 0.672398 0.65306 0.712191 0.962395 0.998504 0.688474 0.196532 0.196462 0.313558 0.362896 0.638649 0.414102 0.667501 0.80687 0.53311 0.639804 0.963968 0.816576 0.503389 0.393477 0.484733 0.637498 0.747442 0.544184 0.205305 0.376536 0.745879 0.665521 0.437157 0.328163 0.30531 0.880956 0.739222 0.759153
1e+20 1e+20 1e+20 1e+20 1e+20 1e+20 1e+20 1e+20 1e+20 1e+20 1e+20 1e+20 1e+20 1e+20 1e+20 1e+20 1e+20 1e+20 1e+20 0.022314 0.323458 0.38389 0.305634 0.18179 0.200951 0.285716 0.416449 0.564733 0.427464 0.37021 -0.128748 0.158041 0.272645 0.12901 0.216837 0.274266 0.210046 0.743608 0.8118 0.504043 0.592306 0.998892 0.766445 0.508252 0.651921 0.402258 0.634059 0.739328 0.279374 0.615096 0.912552 0.329198 0.300984 0.360028 0.596341 0.55728 0.405534 0.397638 0.576316 0.454963 0.871493 0.560714 0.532312 0.804895 0.895969 0.726333 0.452243 0.273147 0.386503 0.487027 0.873863
1e+20 1e+20 1e+20 1e+20 1e+20 1e+20 1e+20 1e+20 1e+20 1e+20 1e+20 1e+20 1e+20 1e+20 1e+20 1e+20 1e+20 1e+20 1e+20 1e+20 0.0988565 0.463435 0.338962 0.412107 0.439941 0.439899 0.189382 0.377262 0.463323 0.39943 0.303576 0.380698 0.0305472 0.22157 0.316217 0.510372 0.744707 1.07045 0.744565 0.275012 0.0397113 0.589347 0.466596 0.364855 0.738214 0.712491 0.854359 0.648901 0.516837 0.528589 0.64799 0.459731 0.443135 0.499452 0.744667 0.893589 0.753702 0.689217 1.02877 0.791637 0.883099 0.73554 0.618036 0.656257 0.811491 0.455591 0.463978 0.436692 0.480651 0.686316 1.17786
1e+20 1e+20 1e+20 1e+20 1e+20 1e+20 1e+20 1e+20 1e+20 1e+20 1e+20 1e+20 1e+20 1e+20 1e+20 1e+20 1e+20 1e+20 1e+20 1e+20 0.346441 0.191238 0.189103 0.226157 0.381251 0.305031 0.333253 0.778042 0.408962 0.458771 0.521659 0.392159 0.306328 0.55819 0.514017 0.412002 0.751378 0.820393 0.878532 0.479479 0.372122 0.571938 0.42105 0.37277 0.556281 0.70426 0.590322 0.487767 0.731276 0.688873 0.489705 0.509692 0.418615 0.775052 0.869429 0.808646 0.692766 0.66929 0.934682 1.20674 1.05143 0.926272 0.687531 0.376177 0.365841 0.532445 0.615204 0.564025 0.653812 0.622448 0.8161
