pygmi/test/k.asc
ncols 			232
nrows 			481
xllcorner 			-20187.5000000001
yllcorner 			-2823315.0
cellsize 			125.0
nodata_value 		1e+20
[rows 256 to 287 of 481, columns 0 to 70 of 232]
1e+20 1e+20 1e+20 1e+20 1e+20 1e+20 1e+20 1e+20 1e+20 1e+20 1e+20 1e+20 1e+20 1e+20 1e+20 1e+20 1e+20 1e+20 1e+20 -0.0566568 -0.259444 -0.0504823 0.110312 0.430229 0.310886 0.666251 1.02061 0.626477 0.727108 1.36554 1.13092 1.04746 0.912606 0.929334 0.497972 0.641435 0.940175 0.66881 0.612599 0.788673 0.622435 0.568183 0.259883 0.820804 0.638956 0.515489 0.475319 0.243222 0.206631 0.47768 0.483258 0.808325 0.437003 0.452373 0.462514 0.605163 0.550424 0.636422 0.498447 0.403293 0.226327 0.651651 0.5239 0.452244 0.552926 0.473488 0.509547 0.442761 0.267309 0.399429 0.458763
1e+20 1e+20 1e+20 1e+20 1e+20 1e+20 1e+20 1e+20 1e+20 1e+20 1e+20 1e+20 1e+20 1e+20 1e+20 1e+20 1e+20 1e+20 1e+20 -0.193099 -0.667374 -0.346798 0.254606 1.10346 0.590289 0.670456 0.941578 0.517569 0.275654 1.25573 0.884927 0.239432 0.400795 0.660376 0.538837 0.355006 0.473514 0.213826 0.738645 0.912783 0.910379 1.02336 0.425303 0.408874 0.454409 0.646559 0.590754 0.331997 0.387164 0.488217 0.605756 0.446637 0.335878 0.254136 0.359941 0.690293 0.332929 0.552611 0.719623 0.376752 0.264052 0.349018 0.340397 0.695687 0.782553 0.407651 0.486432 0.472611 0.310954 0.387337 0.472988
1e+20 1e+20 1e+20 1e+20 1e+20 1e+20 1e+20 1e+20 1e+20 1e+20 1e+20 1e+20 1e+20 1e+20 1e+20 1e+20 1e+20 1e+20 1e+20 -0.22175 -0.489288 -0.407106 0.0158471 0.67463 0.0730952 0.498195 0.749106 0.726295 0.564329 0.865308 0.792407 0.48954 0.552324 0.577879 0.466803 0.383866 0.631944 0.630333 0.70779 0.856219 0.478035 0.241381 0.128661 0.383432 0.517094 0.813825 0.680057 0.61894 0.804208 0.946514 0.646902 0.310716 0.549411 0.398003 0.217343 0.619346 0.440899 0.424899 0.876531 0.565531 0.431922 0.458045 0.534542 1.0037 1.06253 0.694227 0.598695 0.403292 0.474016 0.520635 0.635186
1e+20 1e+20 1e+20 1e+20 1e+20 1e+20 1e+20 1e+20 1e+20 1e+20 1e+20 1e+20 1e+20 1e+20 1e+20 1e+20 1e+20 1e+20 1e+20 -0.0769679 -0.286544 0.0392588 0.489437 0.921536 0.109376 0.1834 0.396072 0.683243 1.02503 0.691728 0.732511 0.256891 0.428528 0.569318 0.576358 0.273251 0.28133 0.287901 0.395242 0.651281 0.507261 0.161878 0.359683 0.386133 0.351581 0.699203 0.562569 0.585615 0.586813 0.671458 0.644058 0.470155 0.588075 0.678709 0.53349 0.707165 0.627133 0.509975 0.752893 0.418918 0.238071 0.295879 0.380013 0.789171 0.758382 0.646149 0.528804 0.344008 0.59192 0.468555 0.536719
1e+20 1e+20 1e+20 1e+20 1e+20 1e+20 1e+20 1e+20 1e+20 1e+20 1e+20 1e+20 1e+20 1e+20 1e+20 1e+20 1e+20 1e+20 1e+20 0.122921 -0.255565 0.32968 0.701986 0.903402 0.614335 0.0521039 -0.200653 0.0522343 0.796362 1.07849 0.581653 0.26211 0.297667 0.365243 0.391097 0.462013 0.550348 0.331907 0.479463 0.619381 0.705504 0.547088 0.920118 0.662545 0.474967 0.758457 0.414051 0.469407 0.64151 0.616746 0.597448 0.503357 0.396928 0.61694 0.566442 0.669603 0.617255 0.419449 0.870327 0.505561 0.251906 0.497466 0.510255 0.562013 0.412223 0.540558 0.595633 0.2928 0.500479 0.781874 0.729142
1e+20 1e+20 1e+20 1e+20 1e+20 1e+20 1e+20 1e+20 1e+20 1e+20 1e+20 1e+20 1e+20 1e+20 1e+20 1e+20 1e+20 1e+20 1e+20 0.621352 -0.18065 0.632892 0.792375 0.803943 0.89726 0.868847 -0.00342611 0.463647 1.28735 1.84624 0.998222 0.776667 0.422905 0.43596 0.440302 0.547272 0.517391 0.437792 0.566607 0.400335 0.544403 0.333059 0.437313 0.489903 0.193088 0.536645 0.462304 0.491427 0.990913 0.652951 0.628292 0.711128 0.607444 0.698875 0.650433 0.541524 0.712779 0.538633 0.728558 0.594503 0.74934 0.788853 0.590641 0.554085 0.576281 0.627484 0.731783 0.48355 0.358883 0.542472 0.484972
1e+20 1e+20 1e+20 1e+20 1e+20 1e+20 1e+20 1e+20 1e+20 1e+20 1e+20 1e+20 1e+20 1e+20 1e+20 1e+20 1e+20 1e+20 1e+20 1.56713 0.684601 0.677846 0.623636 0.577556 0.67585 1.10373 0.34539 0.495112 1.99754 1.37713 0.129887 0.687183 0.524186 0.269933 0.39731 0.458647 0.477161 0.792585 0.540876 0.248038 0.351554 0.395968 0.472349 0.546934 0.375379 0.314784 0.736302 0.871465 1.1299 0.630054 0.39077 0.466001 0.603082 0.556746 0.373905 0.313723 0.431002 0.347663 0.748108 0.669942 0.673997 0.611632 0.391563 0.454911 0.954775 0.733029 0.715187 0.656029 0.464267 0.543993 0.614086
1e+20 1e+20 1e+20 1e+20 1e+20 1e+20 1e+20 1e+20 1e+20 1e+20 1e+20 1e+20 1e+20 1e+20 1e+20 1e+20 1e+20 1e+20 1e+20 0.48361 0.504204 0.593637 0.329301 0.229323 0.403992 1.56503 0.705518 0.653517 1.56218 1.12136 0.968219 0.59534 0.569259 0.310866 0.397727 0.394294 0.359548 0.487376 0.389848 0.447872 0.52327 0.496111 0.638491 0.656267 0.676977 0.511345 0.744766 0.958614 1.34466 0.760227 0.338859 0.63936 0.494635 0.432373 0.409326 0.622012 0.604128 0.550096 0.739868 0.714154 0.860692 0.468019 0.224594 0.53389 0.973426 0.584593 0.442368 0.471793 0.461963 0.557087 0.52043
1e+20 1e+20 1e+20 1e+20 1e+20 1e+20 1e+20 1e+20 1e+20 1e+20 1e+20 1e+20 1e+20 1e+20 1e+20 1e+20 1e+20 1e+20 1e+20 1.04148 0.651931 0.475168 0.105157 0.125247 0.589868 0.981899 0.959661 0.8543 0.805673 1.36737 1.14408 0.276508 0.336368 0.0838007 0.354065 0.331114 0.143504 0.34853 0.413626 0.00107881 0.536893 0.703568 0.993424 0.793071 0.332829 0.063095 0.51368 0.570615 0.739404 0.616527 0.488803 0.546679 0.269569 0.246875 0.362623 0.868177 0.521237 0.436641 0.731409 0.601359 0.575778 0.284719 0.343847 0.667843 1.26786 0.562366 0.482744 0.437845 0.60985 0.520292 0.292588
1e+20 1e+20 1e+20 1e+20 1e+20 1e+20 1e+20 1e+20 1e+20 1e+20 1e+20 1e+20 1e+20 1e+20 1e+20 1e+20 1e+20 1e+20 1e+20 1.0765 0.626285 0.281526 0.295592 0.217588 0.928405 1.15833 1.46878 1.04707 0.486098 0.903113 1.38539 0.819349 0.476879 0.0170163 0.14992 0.327365 0.329097 0.510478 0.827576 0.157817 0.398335 0.388236 1.01079 0.777695 0.556881 0.248585 0.400706 0.259547 0.784763 0.638384 0.696952 0.81835 0.578811 0.323264 0.361049 0.406169 0.166151 0.483961 0.821631 0.464296 0.232407 0.354448 0.673753 0.90467 1.07607 0.652931 0.693897 0.51714 0.555521 0.593127 0.412014
1e+20 1e+20 1e+20 1e+20 1e+20 1e+20 1e+20 1e+20 1e+20 1e+20 1e+20 1e+20 1e+20 1e+20 1e+20 1e+20 1e+20 1e+20 1e+20 1.06687 0.762313 0.514888 0.47765 0.602553 1.0042 1.12382 1.68449 1.41766 0.461829 1.26954 1.5989 1.26795 0.800964 0.233859 0.108787 0.332191 0.51004 0.358565 0.549908 0.486456 0.846775 0.596797 0.249581 0.353642 0.785901 0.87181 0.898332 0.55763 0.607101 0.391317 0.827725 0.630936 0.753655 0.433825 0.184659 0.189656 0.451594 0.770262 1.14825 0.544124 0.367108 0.395573 0.635426 0.892652 1.01486 0.706106 0.558031 0.401132 0.458845 0.430869 0.239368
1e+20 1e+20 1e+20 1e+20 1e+20 1e+20 1e+20 1e+20 1e+20 1e+20 1e+20 1e+20 1e+20 1e+20 1e+20 1e+20 1e+20 1e+20 1e+20 1.22127 0.833935 0.551635 0.649298 1.08603 1.27322 1.6766 2.00028 1.6457 1.4296 1.69945 1.43077 1.76866 1.3414 0.655469 0.310978 0.536914 0.715099 0.516167 0.630533 0.35489 0.551664 0.491024 -0.0772559 0.236399 0.609366 0.833088 0.783264 0.335952 0.763045 0.500558 0.411883 0.423969 0.658906 0.538357 0.139701 0.21229 0.607295 0.84403 0.888221 0.556021 0.159742 0.22921 0.201085 0.693653 0.777964 0.429149 0.367781 0.227978 0.304442 0.253634 0.21819
1e+20 1e+20 1e+20 1e+20 1e+20 1e+20 1e+20 1e+20 1e+20 1e+20 1e+20 1e+20 1e+20 1e+20 1e+20 1e+20 1e+20 1e+20 1e+20 0.851757 0.773421 0.441589 0.794721 1.52429 1.46733 1.83023 1.16607 1.35975 2.10939 2.23392 1.75074 2.5601 1.89352 1.28155 0.511159 0.804949 0.450478 0.347181 0.692039 0.712178 0.458258 0.313917 0.158573 0.470644 0.753448 0.78204 0.918044 0.622703 0.71555 0.647054 0.148627 0.514515 0.836245 0.76656 0.475779 0.288339 0.422153 0.736141 0.561195 0.452498 0.5128 0.676867 0.402312 0.702626 0.854379 0.588235 0.291634 0.071143 0.45541 0.3789 0.260792
1e+20 1e+20 1e+20 1e+20 1e+20 1e+20 1e+20 1e+20 1e+20 1e+20 1e+20 1e+20 1e+20 1e+20 1e+20 1e+20 1e+20 1e+20 1e+20 1.20957 0.939354 0.267632 1.24148 2.1582 1.266 1.55949 1.52385 1.61704 2.2368 2.81315 2.79852 2.65224 1.99854 1.51014 0.761074 0.64954 0.0636641 0.302852 0.629023 1.21576 1.10576 0.870025 0.452728 0.70657 0.727118 0.486496 0.767552 0.888347 0.741468 0.829461 0.666852 0.827121 0.859524 0.88866 0.602133 0.273776 0.316383 0.793341 0.54757 0.615585 0.690034 0.709115 0.600333 0.624179 0.69458 0.456117 0.0498271 0.0750914 0.377251 0.359697 0.29991
1e+20 1e+20 1e+20 1e+20 1e+20 1e+20 1e+20 1e+20 1e+20 1e+20 1e+20 1e+20 1e+20 1e+20 1e+20 1e+20 1e+20 1e+20 1e+20 1.48795 1.28759 1.11589 1.79106 1.50445 1.06251 1.65039 2.06548 2.017 2.17417 2.52127 2.76912 2.66065 2.20608 1.48874 0.491645 0.388823 0.305437 0.448335 0.325572 0.814591 1.16453 0.92015 0.739628 0.93345 0.815246 0.83139 0.774649 0.642154 0.806524 0.954816 0.527207 0.583669 0.519727 0.689602 0.688145 0.41418 0.146887 0.506787 0.344221 0.63814 0.744754 0.574436 0.0869338 0.353801 0.582339 0.465445 0.357298 0.209238 0.11874 0.229675 0.232856
1e+20 1e+20 1e+20 1e+20 1e+20 1e+20 1e+20 1e+20 1e+20 1e+20 1e+20 1e+20 1e+20 1e+20 1e+20 1e+20 1e+20 1e+20 1e+20 1.7122 1.52431 1.26492 1.68853 1.35358 1.72922 2.2063 2.83645 2.48155 2.30241 2.30798 2.81943 2.60109 2.52176 1.75174 0.73858 0.461303 0.32914 0.219732 -0.32998 0.106679 1.19674 0.825194 0.679654 0.773617 0.584842 1.12351 0.895728 0.709224 0.785403 0.771004 0.447356 0.531113 0.246501 0.347347 0.781381 0.664543 0.613048 0.730341 0.452174 0.648634 0.664482 0.33577 0.117173 0.296211 0.503062 0.57476 0.667952 0.390722 0.45219 0.321215 0.374761
1e+20 1e+20 1e+20 1e+20 1e+20 1e+20 1e+20 1e+20 1e+20 1e+20 1e+20 1e+20 1e+20 1e+20 1e+20 1e+20 1e+20 1e+20 1e+20 1.79875 1.59752 1.14838 1.28262 0.576281 0.906787 1.54283 2.11959 2.27649 2.28141 2.01475 2.28626 1.84635 1.92229 1.21341 0.208531 -0.0322136 0.188989 0.464271 0.130747 0.155887 0.605582 0.655181 1.18807 1.13746 0.751618 0.528266 0.140625 0.535269 0.51701 0.6306 0.482889 0.560695 0.474244 0.024234 0.475463 0.629824 0.564163 0.687907 0.731156 0.594538 0.547081 0.140142 0.0769562 0.344557 0.570331 0.560754 0.547044 0.372415 0.669511 0.429913 0.222252
1e+20 1e+20 1e+20 1e+20 1e+20 1e+20 1e+20 1e+20 1e+20 1e+20 1e+20 1e+20 1e+20 1e+20 1e+20 1e+20 1e+20 1e+20 1e+20 1.4233 1.03398 0.515726 0.974201 0.962271 0.849881 1.74748 2.04726 2.01873 2.02857 1.82593 2.24049 1.55126 1.15609 0.720419 0.105482 -0.0942666 0.0485094 0.492986 0.301605 0.257107 0.235335 0.51903 1.53316 0.736816 0.5777 0.386939 0.131222 0.225703 0.273194 0.85123 0.604132 0.468589 0.299471 0.171291 0.455771 0.380163 0.429678 0.563141 0.51388 0.590356 0.740773 0.338574 0.270128 0.480917 0.642629 0.733767 0.583808 0.363732 0.618822 0.560871 0.244501
1e+20 1e+20 1e+20 1e+20 1e+20 1e+20 1e+20 1e+20 1e+20 1e+20 1e+20 1e+20 1e+20 1e+20 1e+20 1e+20 1e+20 1e+20 1e+20 1e+20 1e+20 0.310557 0.618821 1.34025 0.960298 1.28391 1.45051 1.64963 2.05961 1.60403 1.67856 1.04669 0.62378 0.447066 0.054845 0.231988 0.245932 0.515949 0.245928 0.139329 0.353607 0.325931 0.772836 0.660192 0.781621 0.702136 0.553027 0.322291 0.518676 0.608068 0.477803 0.499797 0.480084 0.427668 0.573348 0.541043 0.44089 0.466737 0.347515 0.476186 0.737042 0.755906 0.422945 0.218941 0.19262 0.801106 0.639899 0.482402 0.661371 0.549082 0.478782
1e+20 1e+20 1e+20 1e+20 1e+20 1e+20 1e+20 1e+20 1e+20 1e+20 1e+20 1e+20 1e+20 1e+20 1e+20 1e+20 1e+20 1e+20 1e+20 1e+20 1e+20 0.636189 0.496596 0.783119 0.536045 1.25386 1.51594 1.18309 1.34165 1.68673 1.58805 1.0041 0.671198 0.510194 -0.0274213 0.0788915 0.0798045 0.41637 0.775688 0.197339 0.347857 0.311963 0.417812 0.437343 0.695096 0.757125 0.337053 0.22553 0.816413 0.662445 0.647152 0.658014 0.727993 0.618152 0.656792 0.513905 0.518599 0.522709 0.305109 0.508934 0.656961 0.714453 0.615256 0.288318 0.107577 0.550047 0.446298 0.313373 0.436527 0.334859 0.427389
1e+20 1e+20 1e+20 1e+20 1e+20 1e+20 1e+20 1e+20 1e+20 1e+20 1e+20 1e+20 1e+20 1e+20 1e+20 1e+20 1e+20 1e+20 1e+20 1e+20 1e+20 1.12414 0.684986 0.748667 0.855383 1.4542 1.67757 1.11923 1.21844 1.4006 1.02018 0.57872 0.491342 0.543837 0.400386 -0.0818178 0.209011 0.336953 0.632307 0.723004 1.03789 0.722011 0.77464 0.303672 0.686469 0.848 0.593009 -0.137957 0.304581 0.169451 0.518863 0.342454 0.476322 0.517892 0.488266 0.377096 0.496276 0.477043 0.414761 0.680396 0.496222 0.674222 0.861556 0.560738 0.459543 0.677299 0.488282 0.324713 0.524237 0.518655 0.637133
1e+20 1e+20 1e+20 1e+20 1e+20 1e+20 1e+20 1e+20 1e+20 1e+20 1e+20 1e+20 1e+20 1e+20 1e+20 1e+20 1e+20 1e+20 1e+20 1e+20 1e+20 1.09679 0.910553 0.87532 0.932969 1.23033 1.05896 0.873616 1.04153 1.29449 0.671627 0.526292 0.582138 0.508261 0.369958 0.201229 0.303746 0.376364 0.427755 0.543332 0.964731 0.90259 1.44751 0.587128 0.777844 0.85481 0.804695 0.34916 0.355386 0.154912 0.361601 0.39855 0.375145 0.283763 0.36548 0.301941 0.519038 0.282424 0.463525 0.615494 0.138975 0.636968 0.889729 0.901638 0.521938 0.653514 0.55786 0.524088 0.534549 0.379333 0.790146
1e+20 1e+20 1e+20 1e+20 1e+20 1e+20 1e+20 1e+20 1e+20 1e+20 1e+20 1e+20 1e+20 1e+20 1e+20 1e+20 1e+20 1e+20 1e+20 1e+20 1e+20 1.34066 1.33783 1.14921 1.15534 0.657013 0.35707 0.704328 0.99686 1.5463 0.614299 0.367281 0.578243 0.341121 0.485216 0.528223 0.267782 0.422731 0.301854 0.505572 0.847644 0.354792 0.795497 0.866265 0.996926 0.745892 0.607908 0.681015 0.434972 0.211469 0.306486 0.272204 0.245075 0.020023 0.18726 0.399027 0.869673 0.325893 0.473023 0.968943 0.244038 0.416223 0.594741 0.641625 0.670666 0.812467 0.500862 0.501437 0.636969 0.368749 0.551047
1e+20 1e+20 1e+20 1e+20 1e+20 1e+20 1e+20 1e+20 1e+20 1e+20 1e+20 1e+20 1e+20 1e+20 1e+20 1e+20 1e+20 1e+20 1e+20 0.999737 1.04192 1.49216 1.36248 0.922561 1.0245 0.552378 0.479147 0.732104 0.971812 1.05327 0.587164 0.102966 0.241748 0.392915 0.333399 0.525094 0.64155 0.876712 0.564347 0.517278 0.728348 0.626884 0.823444 0.956225 0.820883 0.503632 0.256125 0.348127 0.200142 0.063003 0.326853 0.412433 0.335105 0.227332 0.327755 0.286781 0.587806 0.630242 0.639501 0.61335 0.400444 0.36326 0.30234 0.209149 0.56352 0.647372 0.308862 0.34574 0.570894 0.416086 0.370451
1e+20 1e+20 1e+20 1e+20 1e+20 1e+20 1e+20 1e+20 1e+20 1e+20 1e+20 1e+20 1e+20 1e+20 1e+20 1e+20 1e+20 1e+20 1e+20 0.788375 0.823139 1.77124 1.33322 0.444211 0.804651 0.740275 0.720797 0.580904 0.675387 0.407776 0.269808 0.45314 0.172756 0.181174 0.119369 0.285655 0.386318 0.649821 0.485898 0.487631 0.70986 0.800154 0.570079 0.586918 0.551745 0.450589 0.251991 0.112957 -0.2852 -0.016301 0.448134 0.310308 0.384768 0.33581 -0.0490112 0.150794 0.291961 0.478133 0.416485 0.133611 0.502758 0.442263 0.445624 0.649142 0.766669 0.772988 0.346582 0.346304 0.680774 0.518261 0.528766
1e+20 1e+20 1e+20 1e+20 1e+20 1e+20 1e+20 1e+20 1e+20 1e+20 1e+20 1e+20 1e+20 1e+20 1e+20 1e+20 1e+20 1e+20 1e+20 0.768972 0.974589 1.5105 1.07332 0.716533 0.858275 0.827438 0.834404 0.742602 0.781421 0.37586 0.416266 0.769669 0.619503 0.599517 0.0959129 0.195883 0.5121 0.59429 0.629687 0.42668 0.550533 0.814701 0.618609 0.446327 0.564792 0.686981 0.341013 0.406747 0.234866 0.123139 0.442175 0.385432 0.538195 0.778894 0.600632 0.429566 0.169843 0.246239 0.479347 0.15767 0.297973 0.392409 0.307315 0.705162 0.680617 0.623194 0.533119 0.247097 0.316933 0.540909 0.689702
1e+20 1e+20 1e+20 1e+20 1e+20 1e+20 1e+20 1e+20 1e+20 1e+20 1e+20 1e+20 1e+20 1e+20 1e+20 1e+20 1e+20 1e+20 1e+20 0.789944 0.824477 0.978314 0.914716 0.923762 0.684074 0.796535 0.979065 1.02976 0.600029 0.19974 0.651808 0.597828 0.567064 0.659387 0.360891 0.158001 0.32849 0.484773 0.429471 0.167723 0.466056 0.520711 0.463262 0.71991 0.632708 0.594624 0.323482 0.428526 0.597111 0.359488 0.665473 0.435252 0.38751 0.469072 0.572447 0.309464 0.103619 0.275062 0.26126 0.239592 0.369366 0.463804 0.33411 0.859318 0.585933 0.502683 0.438353 0.353942 0.432189 0.52861 0.589391
1e+20 1e+20 1e+20 1e+20 1e+20 1e+20 1e+20 1e+20 1e+20 1e+20 1e+20 1e+20 1e+20 1e+20 1e+20 1e+20 1e+20 1e+20 1e+20 0.744973 0.828771 0.825617 0.653504 0.720563 0.892974 0.880455 0.825708 1.07937 0.597434 0.262674 0.315576 0.174827 0.285471 0.221959 0.594493 0.650456 0.876934 0.582564 0.388092 0.425074 0.733908 0.57552 0.575438 1.17704 0.569127 0.102215 0.0915026 0.548894 0.638803 0.234991 0.665853 0.485473 0.340783 0.492256 0.472687 0.335429 0.502762 0.622798 0.19153 0.259663 0.159792 0.630094 0.55499 0.601654 0.200725 0.304815 0.207313 0.339996 0.269405 0.213576 0.474736
1e+20 1e+20 1e+20 1e+20 1e+20 1e+20 1e+20 1e+20 1e+20 1e+20 1e+20 1e+20 1e+20 1e+20 1e+20 1e+20 1e+20 1e+20 1e+20 0.657174 0.7444 0.933273 0.557677 0.328144 1.0747 1.2145 1.10446 1.0155 0.485358 0.258191 0.592741 0.329284 0.255934 0.355454 0.948411 0.797469 0.638348 0.434894 0.235528 0.396639 0.51867 0.359568 0.690186 0.887555 0.67238 0.167398 0.186478 0.395029 0.548333 0.286167 0.388447 0.260376 0.112532 0.131858 0.602066 0.369486 0.374199 0.336715 0.446807 0.957525 0.187909 0.487237 0.356647 0.436592 0.172933 0.222185 0.323625 0.292549 0.296639 0.159944 0.296674
1e+20 1e+20 1e+20 1e+20 1e+20 1e+20 1e+20 1e+20 1e+20 1e+20 1e+20 1e+20 1e+20 1e+20 1e+20 1e+20 1e+20 1e+20 1e+20 0.500711 0.411785 0.703688 0.584354 0.598149 1.07145 1.2621 0.677475 0.589431 0.293066 0.315926 0.371079 0.22679 0.24439 0.206176 1.21349 0.754013 0.791021 0.601757 0.293173 0.257645 0.459094 0.293358 0.314786 0.408056 0.859425 0.728132 0.532552 0.471596 0.541229 0.351361 0.377348 0.391048 0.356506 0.553112 0.726669 0.320974 0.314197 0.117489 0.0977075 0.473615 0.493851 0.531411 0.222252 0.439842 0.154515 0.147419 0.228271 0.134503 0.301462 0.198079 0.198169
1e+20 1e+20 1e+20 1e+20 1e+20 1e+20 1e+20 1e+20 1e+20 1e+20 1e+20 1e+20 1e+20 1e+20 1e+20 1e+20 1e+20 1e+20 1e+20 0.374582 0.33858 0.620064 0.350134 0.513146 1.18252 1.08716 0.596965 0.690384 0.444719 0.434834 0.231452 0.314889 0.351498 0.405206 0.586011 0.510035 0.714442 0.777549 0.285986 0.45474 0.606668 0.595753 0.387186 0.403343 0.507039 0.65934 0.605816 0.407691 0.586257 0.612389 0.789111 0.677756 0.599315 0.579108 1.02674 0.752224 0.643183 0.163034 0.255036 0.407493 0.637869 0.548751 0.796372 0.524604 0.338143 0.273727 0.390258 0.262073 0.204726 0.199328 -0.00889425
1e+20 1e+20 1e+20 1e+20 1e+20 1e+20 1e+20 1e+20 1e+20 1e+20 1e+20 1e+20 1e+20 1e+20 1e+20 1e+20 1e+20 1e+20 1e+20 0.481499 0.599954 0.573054 0.25854 0.892432 0.955899 0.83262 0.70024 0.570421 0.371697 0.482015 0.527758 0.603526 0.546547 0.442978 0.155545 0.386969 0.435982 1.14221 0.647333 0.366619 0.369297 0.449852 0.513766 0.845979 0.646386 0.661129 0.732811 0.597431 0.564564 0.593245 0.69094 0.811449 0.897816 0.510316 0.64116 0.630042 0.468581 0.258836 0.544205 0.3773 0.394577 0.0982811 0.95161 0.522644 0.402369 0.175112 0.261547 0.430732 0.550897 0.308958 0.122652
