pygmi/test/k.asc
ncols 			232
nrows 			481
xllcorner 			-20187.5000000001
yllcorner 			-2823315.0
cellsize 			125.0
nodata_value 		1e+20
[rows 320 to 351 of 481, columns 71 to 141 of 232]
0.349986 0.395267 0.45273 0.255704 0.340362 0.527329 0.432704 0.204184 0.392743 0.473935 0.295124 0.38369 0.492241 0.461393 0.15881 0.0428713 -0.016367 0.336489 0.360535 0.429888 0.548469 0.608965 0.507394 0.504771 0.61683 0.583063 0.292117 0.270821 0.421957 0.41689 0.40915 0.256137 0.224751 0.4608 0.493144 0.496072 0.516083 0.621459 0.708157 0.617581 0.722358 0.500094 0.58487 0.789384 0.938593 0.703107 1.02617 0.745437 0.458781 0.521228 0.732194 0.742653 0.550407 0.467297 0.808491 1.04178 0.658186 0.52577 0.50715 0.528651 0.504032 0.419694 0.900902 0.630439 0.40157 1.06565 1.21124 1.12821 1.16921 1.35379 1.61561
0.374328 0.547063 0.691316 0.372967 0.331746 0.367163 0.537242 0.381678 0.450221 0.31421 0.189698 0.111461 0.374508 0.459038 0.382455 0.0654557 0.0717178 0.404593 0.357162 0.439457 0.646929 0.717959 0.559121 0.227604 0.541362 0.353034 0.224313 0.354587 0.449505 0.372863 0.340718 0.24636 0.178088 0.687382 0.492767 0.437362 0.594067 0.704238 0.755873 0.507043 0.627957 0.603105 0.681916 0.879233 0.757325 0.38841 0.674735 0.738118 0.757389 0.744703 0.785967 0.835389 0.587989 0.555109 0.762711 0.631683 0.60448 0.598469 0.715683 0.813901 0.0660592 0.298272 1.04874 0.976876 0.657363 0.68521 0.541251 0.684335 0.837924 1.38245 1.40363
0.517515 0.582603 0.732089 0.678034 0.508417 0.435335 0.435605 0.246152 0.353751 0.477405 0.273423 0.0980674 0.236263 0.370976 0.424878 0.462083 0.242242 0.435963 0.465623 0.429978 0.497147 0.419009 0.712415 0.230459 0.417668 0.242427 0.506793 0.503295 0.569102 0.446813 0.547173 0.50815 0.361991 0.810185 0.464434 0.523185 0.74209 0.741316 0.669141 0.492637 0.627452 0.649382 0.69301 0.991253 0.890304 0.649677 0.628401 0.587686 0.700091 0.77202 0.751213 0.458674 0.374642 0.571548 0.637632 0.191137 0.560929 0.605028 0.59085 0.604642 0.331528 0.472283 1.04518 1.06166 0.787801 0.345657 0.581806 0.802192 0.931598 1.17245 1.09058
0.493871 0.536546 0.587298 0.755664 0.626693 0.56377 0.566278 0.243053 0.167348 0.447275 0.331414 0.391389 0.232395 0.359306 0.405308 0.505068 0.361398 0.420791 0.537142 0.584669 0.359104 0.456472 0.636551 0.615436 0.888616 0.55574 0.471818 0.645409 0.533725 0.489022 0.641455 0.538854 0.495869 1.08265 0.662437 0.513298 0.567937 0.685657 0.600014 0.687776 0.583115 0.445737 0.625117 0.748366 0.671345 0.761141 0.865282 0.756554 0.572001 0.63513 0.637128 0.202144 0.362372 0.459861 0.969334 0.690536 0.844804 0.596596 0.464273 0.473109 0.550541 0.998216 0.877472 0.948476 0.936892 1.0486 1.06676 1.03496 0.92014 0.884573 1.08962
0.467091 0.540057 0.533384 0.490138 0.579233 0.529259 0.419604 0.142109 0.113633 0.224646 0.0973583 0.351537 0.366257 0.525912 0.475915 0.310106 0.377221 0.31913 0.424221 0.790765 0.332114 0.340598 0.447415 0.60333 0.85485 0.734677 0.822583 0.7403 0.442912 0.319592 0.378293 0.447843 0.458806 0.857568 0.591933 0.554308 0.80838 0.915139 0.72153 0.657642 0.585871 0.540581 0.599117 0.627522 0.621661 0.618499 0.942046 0.765281 0.441763 0.464407 0.554621 0.422305 0.53964 0.477193 0.660441 0.608166 0.766859 0.44776 0.382787 0.643835 1.12387 1.7558 0.881794 0.727446 0.798413 1.07519 1.0171 0.915412 0.427064 0.764938 1.30709
0.616313 0.585481 0.677782 0.526374 0.564487 0.8251 0.521296 0.381173 0.421425 0.457842 0.307785 0.300862 0.287876 0.449556 0.356252 0.292096 0.507984 0.485696 0.493954 0.569269 0.177714 0.250216 0.276005 0.523228 0.821683 0.612576 0.553905 0.705166 0.495749 0.429461 0.295067 0.494478 0.607595 0.931622 0.575056 0.497278 1.01902 0.832156 0.810675 0.580421 0.497102 0.912738 0.732184 0.54895 0.37771 0.563464 0.682335 0.414461 0.195266 0.428044 0.604684 0.570759 0.662015 0.69537 0.524822 0.550435 0.595355 0.20025 0.303202 0.486044 1.01107 1.61333 1.29114 0.845583 0.852182 1.08021 0.927696 0.946282 0.57738 0.616186 0.989174
0.407815 0.305711 0.407733 0.318647 0.165501 0.474275 0.51338 0.486509 0.508287 0.659467 0.564964 0.474967 0.328815 0.420136 0.314628 0.446715 0.79461 0.675461 0.615719 0.641852 0.283929 0.129173 0.216683 0.573909 0.738121 0.48 0.506496 0.458888 0.244704 0.364915 0.530529 0.684643 0.44145 0.458959 0.481554 0.642885 0.750249 0.731443 0.596219 0.397791 0.0433229 0.821511 0.934214 0.712964 0.501704 0.433403 0.313301 0.341323 0.319723 0.572754 0.216402 0.415013 0.636015 0.862741 0.684125 0.811287 0.445484 0.442432 0.583872 0.329504 0.975337 1.15628 0.711089 0.602582 0.694146 0.705163 1.0303 1.34096 0.663665 0.768273 0.906778
0.217791 0.435823 0.415077 0.41853 0.296571 0.387774 0.444807 0.342348 0.43738 0.66819 0.338342 0.34693 0.263417 0.444486 0.448358 0.423591 0.623823 0.573941 0.51824 0.59676 0.470237 0.0113987 0.0074949 0.364858 0.773105 0.810744 0.705615 0.454118 0.190518 0.366909 0.66425 0.631164 0.410478 0.186912 0.342179 0.467873 0.403859 0.56316 0.578121 0.751574 0.339713 0.591748 1.00944 0.818336 0.447097 0.550579 0.683254 0.680654 0.353228 0.469951 0.656146 0.703883 0.761404 0.672822 0.481173 0.648884 0.516894 0.577501 0.634982 0.746351 1.26139 0.859578 0.654019 0.426271 0.346198 0.542914 0.741458 0.812537 0.918903 1.08104 0.888143
0.259342 0.498857 0.519432 0.512253 0.175737 0.124822 0.351905 0.565261 0.604187 0.601486 0.536565 0.289306 0.431158 0.626557 0.48912 0.404799 0.421775 0.119752 0.207489 0.0459217 0.234701 0.138737 0.105428 0.0384511 0.552825 0.688732 0.64431 0.514825 0.388685 0.210394 0.516905 0.518408 0.486128 0.429222 0.296897 0.447607 0.694704 0.771009 0.686743 0.690638 0.438095 0.544271 0.713148 0.621738 0.91391 0.953571 1.08235 0.920518 0.570908 0.551016 0.854472 0.825343 0.744094 0.690847 0.676087 0.52594 0.770668 0.588247 0.514525 0.770049 0.828295 0.609103 0.707266 0.586126 0.3035 0.343709 0.28342 0.151994 0.592368 1.01059 1.04106
0.414579 0.439393 0.542347 0.709768 0.332137 0.276681 0.275021 0.482258 0.630782 0.373885 0.332931 0.579553 0.653567 0.723659 0.470671 0.45179 0.776359 0.534185 0.524059 0.320054 0.413919 0.396911 0.47079 0.404434 0.671506 0.936208 0.875805 0.679615 0.723684 0.463229 0.62567 0.607886 0.76087 0.819913 0.28318 0.56118 0.967664 0.691533 0.33494 0.564385 0.478974 0.490855 0.491222 0.153548 0.398307 0.685532 0.725949 0.920317 0.703361 0.58582 0.627012 0.687777 0.683893 0.866328 1.11184 0.584941 0.50878 0.343046 0.313173 0.486475 0.527397 0.435552 0.632632 0.73832 0.345646 0.45216 0.33817 0.454499 0.558331 0.921062 0.928329
0.41356 0.355228 0.711917 0.636874 0.51459 0.500867 0.230756 0.375053 0.843186 0.607512 0.37161 0.567402 0.649907 0.878808 0.728593 0.49083 0.534692 0.614813 0.547596 0.544674 0.619224 0.49322 0.41707 0.362754 0.55906 1.0481 0.955494 0.703541 0.372145 0.426239 0.561476 0.633241 0.88389 0.906999 0.639092 0.570125 0.616487 0.369426 0.264671 0.609951 0.660977 0.48484 0.626128 0.497958 0.414817 0.475225 0.509534 1.10351 0.738829 0.647995 0.466245 0.574154 0.432865 0.70773 1.05916 1.25285 0.563734 0.406552 0.541328 0.607673 0.790648 0.739609 0.533883 0.622074 0.538853 0.775231 0.561714 0.463233 0.344222 0.662058 0.603031
0.35905 0.290803 0.240601 0.200892 0.335393 0.255705 0.0754729 0.234725 0.643938 0.66373 0.356348 0.274406 0.273192 0.488527 0.512479 0.313684 0.385057 0.45333 0.423307 0.436054 0.520495 0.437887 0.407557 0.288068 0.226197 0.621811 0.653674 0.65896 0.156119 0.321928 0.579286 0.754589 0.806957 0.794889 0.731406 0.717956 0.878105 0.744337 0.573746 0.774792 0.506409 0.345025 0.370677 0.478138 0.456734 0.575907 0.603293 0.910937 0.560117 0.927263 0.593413 0.683426 0.264155 0.49213 0.531187 1.09138 0.574394 0.514106 0.717803 0.880034 1.10091 0.70408 0.439736 0.553007 0.398589 0.486536 0.458455 0.497932 0.683929 1.04904 0.67742
0.240936 0.107174 -0.0191151 0.0594642 0.201684 0.217064 0.257532 0.297646 0.512196 0.649301 0.581253 0.235747 0.250868 0.310636 0.387471 0.154177 0.0961804 0.397223 0.46777 0.476177 0.529886 0.479891 0.331814 0.343362 0.282967 0.497162 0.584674 0.674453 0.888826 0.582557 0.408931 0.646668 0.551355 0.306078 0.47897 0.626624 0.728167 0.544024 0.519363 0.710028 0.614227 0.3204 0.316619 0.299662 0.45164 0.447532 0.661308 1.09329 0.545869 0.527484 0.184064 0.374202 0.366867 0.79507 0.495091 0.386673 0.308883 0.64455 0.621233 0.698063 0.862404 0.905475 0.376278 0.574925 0.506345 0.387127 0.451748 0.450546 0.664419 0.855841 0.743262
0.511612 0.121534 0.236755 0.440014 0.182422 0.261359 0.530789 0.392948 0.430783 0.480483 0.369853 0.468751 0.57983 0.511867 0.473946 0.213508 0.451724 0.545375 0.394717 0.365822 0.565351 0.475201 0.307242 0.517733 0.502584 0.561259 0.727882 0.795944 1.03888 0.617601 0.0644319 0.40088 0.526217 0.422018 0.695571 0.630235 0.770386 0.932583 0.518601 0.500353 0.562487 0.351638 0.760202 0.388819 0.533599 0.488325 0.351752 0.586604 0.75251 0.390253 0.230846 0.140024 0.57199 0.780573 0.605599 0.442304 0.583041 0.696381 0.764688 0.68138 0.593767 0.78122 0.432733 0.515366 0.510808 0.502375 0.663375 0.532392 0.457125 0.413028 0.729316
0.591861 0.480252 0.493922 0.637297 0.559266 0.285708 0.445155 0.328313 0.327135 0.406046 0.343805 0.611011 0.636842 0.561562 0.668547 0.36175 0.321223 0.599685 0.461445 0.476846 0.702821 0.445898 0.548081 0.771525 0.469358 0.586724 0.887662 0.846205 0.87817 0.726272 0.189909 0.446634 0.599053 0.540214 0.950976 0.584206 0.629955 0.626488 0.188108 0.20921 0.189866 -0.0877766 0.797638 0.632724 0.76482 0.51849 0.505833 0.377089 1.21416 0.86978 0.639522 0.149767 0.402384 0.60754 0.580952 0.676966 0.789538 0.426218 0.664787 0.691517 0.522671 0.372439 0.287425 0.621399 0.596351 0.489918 0.668745 0.495945 0.442483 0.545377 0.609494
0.198421 0.385103 0.323663 0.30857 0.522216 0.373849 0.393528 0.294199 0.289579 0.270945 0.0452279 0.311205 0.519098 0.477727 0.570183 0.625004 0.083968 0.349016 0.688333 0.508847 0.554941 0.635641 0.610493 0.802483 0.989426 0.674769 0.705278 0.709086 0.687685 0.618992 0.302428 0.518523 0.570015 0.276351 1.47717 1.0674 0.917081 0.515803 0.468331 0.536215 0.374126 0.18101 0.557579 0.597816 0.651371 0.646949 0.472961 0.538543 0.855376 0.489063 0.636258 0.480211 0.492294 0.532682 0.246341 0.412804 0.651933 0.547292 0.544113 0.660924 0.383511 0.328414 0.315069 0.301177 0.293201 0.19664 0.288144 0.384818 0.445197 0.595229 0.637671
0.298911 0.401607 0.322586 0.235261 0.228698 0.275884 0.41133 0.279623 0.361823 0.617169 0.246202 0.211193 0.330295 0.482309 0.247351 0.518107 0.177343 0.318127 0.949465 0.648649 0.294265 0.57523 0.644817 0.586537 0.753476 0.848242 0.849147 0.774807 0.628527 0.746189 0.63305 0.673681 0.835262 0.499767 0.43273 0.51559 0.844195 0.818534 0.751497 0.648304 0.509616 0.182566 0.153107 0.272003 0.406507 0.575114 0.526069 0.661356 0.702701 0.466695 0.664964 0.470723 0.624304 0.800281 0.312501 0.272817 0.527107 0.58034 0.622755 0.859232 0.535434 0.609469 0.588362 0.314232 0.189548 0.149979 0.520763 0.528188 0.598231 0.616435 0.656018
0.793335 0.664079 0.374417 0.203025 0.143923 0.383696 0.457804 0.214346 0.292371 0.36844 0.284564 0.43032 0.4775 0.622805 0.321474 0.305627 0.41611 0.433125 0.647185 0.642397 0.269886 0.305419 0.71646 0.843471 1.16166 1.09542 0.858141 0.706996 0.410467 0.654916 0.616345 0.537363 0.718348 0.537611 0.593856 0.439483 0.441568 0.893241 0.891642 0.728511 0.628327 0.325306 0.162202 0.324947 0.710455 0.839543 0.578221 0.702131 0.616388 0.27903 0.553097 0.542715 0.71778 0.937993 0.699716 0.316424 0.653064 0.575888 0.396271 0.329243 0.251859 0.67909 0.710699 0.464757 0.31141 0.341562 0.523752 0.480996 0.570998 0.448677 0.747491
0.624348 0.549142 0.27822 -0.0209486 0.282107 0.54396 0.377138 0.334579 0.365612 0.320924 0.267207 0.363636 0.36087 0.421602 0.379923 0.300953 0.379672 0.432989 0.713388 0.451917 0.212332 0.586955 0.987845 0.751954 0.75591 0.770946 0.779806 0.425838 0.47328 0.730677 0.478316 0.0764251 0.341895 0.780946 0.595676 0.34854 0.205311 0.73516 0.655807 0.76407 0.32041 0.406128 0.550249 0.743542 1.03432 0.74475 0.780723 0.857959 0.67612 0.358362 0.34344 0.490098 0.816398 1.10728 0.892233 0.419055 0.543219 0.625635 0.460942 0.459113 0.446507 0.660286 0.801037 0.475232 0.473599 0.51985 0.595841 0.55109 0.827933 0.843935 0.871045
0.465735 0.451224 0.414282 0.282146 0.493121 0.380638 0.376558 0.474318 0.517828 0.614603 0.329898 0.450982 0.6574 0.436296 0.513467 0.426814 0.377968 0.4451 0.548441 0.388945 0.399042 0.547885 1.31044 0.61856 0.595792 0.441501 0.614278 0.579951 0.542857 0.655773 0.784166 -0.054613 0.433656 0.618806 0.462911 0.264526 0.468159 1.07334 0.775412 0.96606 -0.00678521 0.629006 0.45962 0.62526 0.656247 0.429036 0.823435 0.664268 0.591764 0.359213 0.397987 0.608537 0.831301 1.14742 0.926888 0.260477 0.514404 0.406922 0.361305 0.405997 0.484161 0.608376 0.920907 0.854517 0.735661 0.583232 0.423047 0.403681 0.737103 0.62019 0.864555
0.345197 0.349741 0.211215 0.234102 0.326477 0.192467 0.536463 0.482578 0.360112 0.371498 0.457826 0.511245 0.678812 0.538241 0.451188 0.539347 0.51997 0.426679 0.56175 0.377908 0.493261 0.787144 0.929127 0.405881 0.685901 0.631192 0.706541 0.782229 0.760992 0.747841 1.0181 0.46389 0.400799 0.529553 0.602862 0.321129 0.45651 0.725087 0.637717 0.869813 0.433238 0.380526 0.293255 0.622996 0.373536 0.378536 0.694327 0.494898 0.472881 0.373677 0.366447 0.143706 0.550234 0.696701 0.485965 0.203716 0.146042 0.202728 0.323776 0.360423 0.344352 0.609875 0.960338 1.01873 0.703522 0.560203 0.483351 0.922016 1.21705 0.671361 0.6585
0.412224 0.512006 0.401214 0.399384 0.476022 0.259733 0.411771 0.497305 0.603591 0.56212 0.761327 0.606128 0.656792 0.618432 0.404307 0.542209 0.660726 0.360514 0.417537 0.330459 0.61981 0.736874 0.725567 0.360105 0.266549 0.624749 0.907732 0.869604 0.876393 0.774011 0.773369 0.628023 0.611994 0.867642 1.10644 0.467882 0.58983 0.682167 0.736351 0.833549 0.778302 0.378043 0.227959 0.857138 0.266151 0.571798 0.838456 0.480556 0.153621 0.137294 0.224902 0.317833 0.559454 0.613342 0.551454 0.357019 0.223675 0.310111 0.384843 0.419688 0.385401 0.502246 0.510711 0.434931 0.330533 0.574211 0.769359 1.21373 1.06159 0.745038 0.596129
0.363656 0.522558 0.575251 0.638488 0.591162 0.45541 0.638385 0.524155 0.650623 0.816672 0.607534 0.371631 0.473273 0.662221 0.823795 0.861974 0.61852 0.361322 0.603955 0.566468 0.701549 0.705489 0.657074 0.583293 0.586605 0.570259 0.702292 0.679305 0.815629 0.743108 0.508258 0.453147 0.583009 0.985947 1.02286 0.388868 0.886276 1.00564 0.955326 0.559811 0.508875 0.526429 0.338102 0.507925 0.374605 0.755685 0.619152 0.485834 0.225302 0.154267 0.169178 0.435014 0.561908 0.442418 0.56065 0.448148 0.399954 0.377392 0.237915 0.407931 0.453127 0.526396 0.599803 0.290838 0.324336 0.569834 0.788051 0.917891 0.553861 0.613437 0.648773
0.449446 0.209562 0.380229 0.530213 0.615008 0.552557 0.599285 0.390885 0.643233 0.782533 0.485828 0.33859 0.397034 0.605485 0.685929 0.516097 0.484537 0.760424 0.753134 0.726195 0.939425 0.596603 0.465722 0.620961 0.50351 0.581197 0.848525 0.783965 0.835655 0.89985 0.660778 0.371659 0.572902 1.02664 1.21172 0.261748 0.631375 1.19101 0.981699 0.486483 0.393819 0.430061 0.584138 0.548273 0.59604 0.796757 0.188275 0.280794 0.145544 0.192853 0.25734 0.501007 0.562085 0.582338 0.460698 0.406446 0.508995 0.404572 0.297579 0.288796 0.723798 1.00138 0.724774 0.493461 0.563382 0.962936 1.12155 0.972055 0.518475 0.331393 0.41443
0.698059 0.440422 0.485849 0.539749 0.578967 0.597512 0.773338 0.388415 0.394589 0.858219 0.640357 0.489835 0.401006 0.493961 0.677529 0.338655 0.37168 0.498032 0.630837 0.68794 0.727549 0.324163 0.398949 0.656649 0.355253 0.531776 0.844904 0.819069 0.895136 0.886254 0.856101 0.22639 0.177755 0.681285 0.967558 0.655594 0.343404 0.794296 0.599036 0.241464 0.390691 0.493994 0.897315 0.837558 0.949003 1.27642 0.232024 0.123722 0.0178927 0.0937623 0.474595 0.683598 0.665968 0.599444 0.466704 0.545599 0.442546 0.378425 0.468685 0.276359 0.781183 0.828366 0.501983 0.518622 0.580984 0.780686 1.26357 0.800474 0.345996 0.160371 0.444319
0.567944 0.381028 0.615568 0.608518 0.477818 0.509773 0.701311 0.491242 0.545556 0.631195 0.597435 0.56851 0.49338 0.472901 0.824006 0.631307 0.518584 0.437851 0.505241 0.470836 0.375094 0.205403 0.33248 0.666362 0.571395 0.61208 0.918682 0.694527 0.657505 0.936226 0.78226 0.429029 0.199851 0.415586 0.569026 0.617183 0.359356 0.558653 0.443321 0.352975 0.184236 0.28663 0.228174 0.3395 0.644211 0.786084 0.275325 0.387674 0.223242 0.335195 0.554547 0.608428 0.650305 0.765174 0.771979 0.839417 0.447485 0.331271 0.623789 0.416028 0.786448 0.998916 0.15383 0.205829 0.429799 0.78501 0.885594 0.764032 0.760532 0.429224 0.425308
0.56314 0.470883 0.557754 0.624462 0.404141 0.516298 0.743221 0.471094 0.523297 0.460993 0.57322 0.632954 0.691311 0.555328 0.55474 0.647318 0.515905 0.510789 0.527131 0.687747 0.605588 0.34082 0.450904 0.685371 0.686454 0.633835 0.814013 0.491155 0.602028 0.753169 0.614189 0.588587 0.342073 0.314376 0.33752 0.490739 0.327838 0.47171 0.21347 0.633239 0.419051 0.0880513 -0.284044 0.267466 0.778435 0.724952 0.437109 0.409458 0.233496 0.344692 0.449832 0.419209 0.528055 0.672793 0.806401 0.722157 0.71689 0.223378 0.617753 0.573322 0.644425 1.03312 0.444806 0.288823 0.436523 0.647079 0.456709 0.567685 0.457897 0.44213 0.56515
0.680476 0.73212 0.676014 0.619791 0.576037 0.588142 0.561598 0.52524 0.490418 0.399302 0.270796 0.600711 0.801729 0.746788 0.690508 0.561732 0.352755 0.554252 0.528179 0.695096 0.514086 0.481341 0.540631 0.562443 0.615571 0.726858 0.784932 0.481947 0.642122 0.81414 0.6379 0.356303 0.400566 0.334146 0.38569 0.636149 0.339699 0.398823 0.201093 0.418831 0.324532 0.0843112 -0.0204625 0.500132 1.01493 0.641078 0.279315 0.488252 0.284292 0.567263 0.526546 0.419152 0.338055 0.405106 0.482845 0.284834 0.675486 0.295488 0.353968 0.557063 0.339831 0.419552 0.318992 0.31226 0.482798 0.860996 0.633132 0.418717 0.292715 0.856067 1.06028
0.669123 0.570308 0.655835 0.526455 0.365774 0.256074 0.203208 0.505186 0.538009 0.432466 0.339557 0.608841 0.862024 0.822119 0.637119 0.648791 0.683708 0.614217 0.401649 0.662398 0.871921 0.709133 0.582155 0.658282 0.527979 0.6893 0.67076 0.460577 0.25093 0.589061 0.712214 0.328922 0.43092 0.357802 0.431758 0.537273 0.651388 0.395684 0.409152 0.413167 0.453606 0.364788 0.193391 0.173019 0.548192 0.352206 0.297791 0.512223 0.0550253 0.584628 0.48522 0.384601 0.130256 0.17084 0.544066 0.528069 0.588784 0.254916 0.448801 0.669815 0.47196 0.215808 0.325901 0.321772 0.312494 0.618151 0.663878 0.647898 0.989524 1.62002 1.33976
0.393394 0.464677 0.777715 0.719486 0.639117 0.324677 0.30059 0.46131 0.659162 0.639616 0.514117 0.632067 0.827088 0.778104 0.414231 0.537779 0.782125 0.764491 0.517855 0.748099 1.2561 0.857286 0.499317 0.905215 0.739358 0.890462 0.693557 0.583995 0.44705 0.571588 0.676374 0.598504 0.700767 0.514755 0.42832 0.328213 0.704762 0.468145 0.569947 0.381174 0.330088 0.468861 0.288841 0.126326 0.236674 0.00444329 0.080326 0.911611 0.197923 0.372953 0.467903 0.438595 0.242245 0.0211507 0.629102 0.750722 0.737897 0.466829 0.281942 0.657298 0.30893 0.419772 0.531273 0.559646 0.695947 0.638253 0.731729 1.2263 1.37664 1.54936 1.51042
0.621803 0.567623 0.592752 0.660918 0.737477 0.557856 0.53514 0.67753 0.78117 0.763561 0.562946 0.490026 0.397518 0.553415 0.389685 0.326603 0.933377 0.842887 0.516958 0.55561 0.892989 0.674657 0.438766 0.737224 0.589075 0.884814 0.804536 0.798766 0.693076 0.649332 0.519433 0.415718 0.715537 0.70577 0.339049 0.355009 0.504167 0.226783 0.338621 0.2227 0.329978 0.434385 0.388628 0.1965 0.197011 0.115198 0.626267 0.817528 0.508152 0.559819 0.599888 0.580429 0.353488 0.24481 0.48377 0.410113 0.827081 1.16849 0.574566 0.771765 0.45649 0.396512 0.64251 0.734164 0.872814 0.496208 0.413817 1.06109 0.955011 0.998271 0.643682
0.569757 0.506105 0.370113 0.538632 0.421621 0.494677 0.485866 0.461446 0.70736 0.722239 0.554097 0.490381 0.422606 0.623051 0.612406 0.633938 0.725902 0.806231 0.645833 0.667749 0.755911 0.635733 0.663378 0.896092 0.592778 0.794576 0.750683 0.728963 0.635681 0.773085 0.645229 0.459476 0.878874 0.948565 0.679807 0.534155 0.544229 0.422058 0.440363 0.384025 0.357648 0.368834 0.380386 0.371615 0.395328 0.259943 0.416532 0.452792 0.358788 0.502146 0.619354 0.863305 0.742617 0.408661 0.450587 0.259798 0.600799 1.06413 0.546141 0.960307 0.501571 0.484345 0.842291 0.844023 0.713608 0.323831 0.427486 0.549879 0.233055 0.48149 0.36283
