pygmi/test/k.asc
ncols 			232
nrows 			481
xllcorner 			-20187.5000000001
yllcorner 			-2823315.0
cellsize 			125.0
nodata_value 		1e+20
[rows 416 to 447 of 481, columns 0 to 70 of 232]
1e+20 1e+20 1e+20 1e+20 1e+20 1e+20 1e+20 1e+20 1e+20 1e+20 1e+20 1e+20 1e+20 1e+20 1e+20 1e+20 1e+20 1e+20 0.958822 0.836963 0.776829 0.662626 0.514982 0.558642 0.672519 0.767946 0.466801 0.33469 0.492212 0.486528 0.670844 0.685553 0.576045 0.536939 0.521906 0.763625 0.651846 0.958821 0.879437 0.967086 0.815678 1.08132 1.24654 1.14022 0.913568 0.970103 0.909281 0.923395 1.14975 1.49461 1.31346 0.949501 0.851359 1.10136 1.05379 1.05906 1.3847 1.20534 1.01859 0.631832 0.638211 0.762706 1.01764 0.893177 0.839684 0.756476 0.662825 1.24682 1.04064 1.13788 0.979506
1e+20 1e+20 1e+20 1e+20 1e+20 1e+20 1e+20 1e+20 1e+20 1e+20 1e+20 1e+20 1e+20 1e+20 1e+20 1e+20 1e+20 1e+20 0.84915 0.513987 0.760713 0.761876 0.411645 0.407311 0.584518 0.832325 0.658697 0.6443 0.750815 0.777362 0.647777 0.737996 0.41826 0.462445 0.429031 0.522153 0.404888 0.7248 0.62965 0.92263 0.528086 0.601296 0.561601 0.978546 1.11587 1.128 0.809993 1.03476 1.19984 1.18274 0.839257 0.652441 0.777105 1.09741 1.09864 0.956507 1.05959 0.91079 1.01041 0.686512 0.520173 0.644932 1.13243 1.24537 0.868464 1.09578 1.23404 1.44593 0.999082 1.04108 1.1613
1e+20 1e+20 1e+20 1e+20 1e+20 1e+20 1e+20 1e+20 1e+20 1e+20 1e+20 1e+20 1e+20 1e+20 1e+20 1e+20 1e+20 1e+20 0.790364 0.547112 0.764018 0.546007 0.622287 0.398867 0.337955 0.676005 0.696888 0.912799 0.894728 1.06929 0.74797 0.65641 0.197554 0.637572 0.669876 0.598369 0.737651 0.594492 0.367972 1.22767 0.815494 0.735476 0.802365 1.02915 1.09003 0.833695 0.8117 1.08189 0.937186 0.9281 0.478134 0.672731 0.896233 1.13055 0.819238 0.89308 0.808848 0.396658 0.732525 0.697653 0.361446 0.479519 1.18593 1.44778 1.18858 1.45682 1.48328 1.34229 0.884815 1.48521 1.20348
1e+20 1e+20 1e+20 1e+20 1e+20 1e+20 1e+20 1e+20 1e+20 1e+20 1e+20 1e+20 1e+20 1e+20 1e+20 1e+20 1e+20 1e+20 0.704507 0.665987 0.635765 0.555338 1.12347 0.764286 0.645182 1.09955 0.651875 0.699035 1.04537 0.845876 0.487013 0.870234 0.501634 0.512417 0.83629 0.647126 0.548768 0.735448 0.87077 0.942952 0.563369 0.862726 0.996563 0.822637 0.936434 0.682002 0.700534 0.92155 0.63859 1.07508 0.974044 0.982505 0.859159 0.831815 0.599428 0.861565 0.685651 0.525955 0.79119 0.802471 0.829104 0.237631 0.513349 0.812511 0.863507 1.06204 1.00701 1.36638 1.09337 1.34336 1.26929
1e+20 1e+20 1e+20 1e+20 1e+20 1e+20 1e+20 1e+20 1e+20 1e+20 1e+20 1e+20 1e+20 1e+20 1e+20 1e+20 1e+20 1e+20 0.674056 0.628444 0.649005 0.722326 0.94652 0.72384 0.762944 0.690866 0.248178 0.657502 0.896597 0.727324 0.551786 0.729469 0.516581 0.52637 0.87046 0.723661 0.731889 0.772094 1.15789 0.706409 0.571408 1.09316 0.95108 0.988375 1.17244 0.873466 1.00947 1.32319 1.00767 0.765314 0.709537 1.11124 0.819228 0.699345 0.543713 0.603612 0.613943 0.74528 0.74025 0.581746 1.06054 0.757392 0.665256 1.24206 1.37243 1.46506 1.14632 1.33758 1.06841 1.3523 1.38777
1e+20 1e+20 1e+20 1e+20 1e+20 1e+20 1e+20 1e+20 1e+20 1e+20 1e+20 1e+20 1e+20 1e+20 1e+20 1e+20 1e+20 1e+20 0.681303 0.704538 0.631834 0.791755 0.972167 0.760486 0.514757 0.593477 0.521966 0.452241 0.898278 1.05455 0.954396 0.781776 0.44763 0.438969 1.07144 0.928907 0.987689 0.496382 0.949812 1.1803 0.516422 1.16851 1.08669 0.996726 1.00332 0.851364 0.963777 1.05344 0.998232 0.54557 0.713091 1.14889 0.543714 0.513858 0.421798 0.418614 0.747501 0.673246 0.824156 0.67338 0.905652 1.20818 0.970906 1.23705 1.4897 1.39787 1.2101 1.57562 1.51462 1.46623 1.24202
1e+20 1e+20 1e+20 1e+20 1e+20 1e+20 1e+20 1e+20 1e+20 1e+20 1e+20 1e+20 1e+20 1e+20 1e+20 1e+20 1e+20 1e+20 0.756577 0.946965 0.822932 0.659738 0.727153 0.78885 0.527166 0.561746 0.702587 0.596135 0.724868 0.880426 0.763445 0.664832 0.698878 0.725529 0.777769 0.609192 0.859971 0.706216 0.85276 1.06116 0.606597 0.966246 0.630424 0.879896 1.03212 0.909217 0.905166 0.873944 0.790709 0.767043 0.99393 1.05059 0.67934 0.78511 0.412769 0.432785 0.54883 0.941451 0.769394 0.621272 0.687729 0.981435 0.869928 1.12458 1.32392 1.30322 1.24354 1.2735 0.853763 1.03898 1.04689
1e+20 1e+20 1e+20 1e+20 1e+20 1e+20 1e+20 1e+20 1e+20 1e+20 1e+20 1e+20 1e+20 1e+20 1e+20 1e+20 1e+20 1e+20 0.970868 1.21335 0.887766 0.638055 0.567662 0.712414 0.670324 0.496844 0.648251 0.669875 0.56722 0.766487 0.661314 0.488685 0.555586 0.597929 0.507674 0.299223 0.502089 0.762306 0.609216 0.700889 0.395541 1.19777 0.945501 0.877087 0.711126 1.0488 0.97107 0.946659 1.13095 1.01721 0.90047 0.544862 0.386368 0.752272 0.656381 0.649592 0.572513 0.629927 0.499617 0.599198 0.791227 0.988296 1.08586 1.27313 1.23355 1.13571 1.27557 1.26163 0.52805 0.803283 0.82719
1e+20 1e+20 1e+20 1e+20 1e+20 1e+20 1e+20 1e+20 1e+20 1e+20 1e+20 1e+20 1e+20 1e+20 1e+20 1e+20 1e+20 1e+20 0.80328 0.708519 0.625441 0.646021 0.7666 0.915307 1.06505 0.760001 0.809633 0.93996 0.709572 0.675284 0.850923 0.854548 0.70613 0.99256 0.95243 0.869412 0.235365 0.718538 0.941881 0.837761 0.624115 0.872432 0.852255 0.834691 0.889024 1.32893 0.983926 1.00329 1.55374 1.4083 1.04105 0.422176 0.591072 0.86364 0.797831 0.627605 0.321608 0.516174 0.860237 1.31028 1.17337 1.08979 1.05948 1.38984 1.06939 0.705411 1.11498 1.15983 0.835476 0.924986 0.921567
1e+20 1e+20 1e+20 1e+20 1e+20 1e+20 1e+20 1e+20 1e+20 1e+20 1e+20 1e+20 1e+20 1e+20 1e+20 1e+20 1e+20 1e+20 0.735946 0.431126 0.312388 0.709183 1.03005 1.02126 1.15531 0.996633 1.16472 0.892648 0.736735 0.749747 0.972955 1.36908 1.21134 1.12704 1.20935 1.13524 0.537972 0.665341 1.08904 1.06537 0.932746 1.37338 1.41974 1.03429 0.815339 1.00693 0.658602 0.981079 1.22684 1.28417 1.04897 0.699756 0.927818 0.700187 0.919917 0.874092 0.571836 0.614157 1.02072 1.34655 1.31468 1.28762 1.2171 1.23438 0.885369 1.2023 1.36305 1.09661 0.775587 0.702469 0.631649
1e+20 1e+20 1e+20 1e+20 1e+20 1e+20 1e+20 1e+20 1e+20 1e+20 1e+20 1e+20 1e+20 1e+20 1e+20 1e+20 1e+20 1e+20 1.05052 1.00853 0.726846 0.940676 1.36032 1.50511 1.46514 1.20041 1.06795 0.63923 0.906516 0.79426 0.967459 1.5101 1.32198 1.21205 1.70711 1.27222 0.623766 0.87841 1.53189 1.40471 1.16727 1.38315 1.95917 1.55943 1.44472 1.20619 0.671249 0.589989 0.938077 1.02223 0.90477 0.767597 1.06691 1.10543 1.31003 1.11624 0.889551 0.662323 0.933644 0.855562 1.10543 1.12228 1.244 1.29616 1.20772 1.22171 1.44685 1.01604 0.945787 0.813004 0.758474
1e+20 1e+20 1e+20 1e+20 1e+20 1e+20 1e+20 1e+20 1e+20 1e+20 1e+20 1e+20 1e+20 1e+20 1e+20 1e+20 1e+20 1e+20 1.19182 1.19636 0.804846 0.935913 1.40252 1.05281 1.06062 1.04091 0.647844 0.657103 0.884789 0.955698 1.23925 1.70962 1.34172 1.48097 1.51144 1.42461 0.91043 0.837813 2.11903 1.96195 2.17847 1.7541 2.0143 1.55023 1.22185 1.06282 0.824936 0.556737 0.419934 0.651923 1.43868 0.987651 0.936347 1.2008 1.34449 1.05723 0.700148 0.675173 0.795362 0.917673 1.44114 1.48316 1.08713 0.786532 0.676823 1.34491 0.982363 0.419549 1.01662 1.12861 1.02138
1e+20 1e+20 1e+20 1e+20 1e+20 1e+20 1e+20 1e+20 1e+20 1e+20 1e+20 1e+20 1e+20 1e+20 1e+20 1e+20 1e+20 1e+20 1e+20 1.35854 1.4902 1.00839 1.2766 0.929398 0.750278 0.934932 1.09476 0.857816 0.903256 1.11629 1.13053 1.28318 1.05675 1.8292 1.76474 1.4426 1.23047 1.15852 1.55937 1.45664 2.21828 2.19365 2.2354 1.28201 1.17171 0.988965 0.783209 0.672412 0.3128 0.871417 1.12872 0.824241 0.846891 1.09695 1.36934 1.15263 1.11735 0.982851 0.950694 1.43435 1.85462 1.38864 1.15976 0.744558 1.32273 1.21206 0.77497 0.555031 0.887871 1.40099 1.33276
1e+20 1e+20 1e+20 1e+20 1e+20 1e+20 1e+20 1e+20 1e+20 1e+20 1e+20 1e+20 1e+20 1e+20 1e+20 1e+20 1e+20 1e+20 1e+20 1.16419 1.42531 1.13847 1.11906 1.22649 1.14194 1.04378 0.776191 0.813915 0.925395 1.27072 1.05196 0.959048 0.951302 1.36021 1.45656 1.10657 1.08078 1.11594 1.04218 1.16733 1.64579 1.75037 1.54623 1.184 0.936097 0.834712 0.619668 1.14384 0.728498 0.651026 1.01173 0.894085 0.924987 0.837974 0.966723 0.980015 1.34615 0.926348 0.933329 1.19179 1.33181 1.21763 1.22481 0.931021 1.08152 1.01007 0.911409 0.663635 0.887599 1.13393 1.2865
1e+20 1e+20 1e+20 1e+20 1e+20 1e+20 1e+20 1e+20 1e+20 1e+20 1e+20 1e+20 1e+20 1e+20 1e+20 1e+20 1e+20 1e+20 1e+20 1.56069 1.6374 1.37044 1.02251 1.31222 1.38874 1.20184 0.982938 0.974918 1.27617 1.26311 1.03387 1.25829 1.27668 1.06104 1.27508 1.29084 1.03301 0.879542 0.961118 0.994735 1.17318 1.23468 0.938283 1.14569 1.05296 1.04381 0.872105 1.08033 0.883855 0.792452 0.906894 0.802938 0.719999 0.817119 0.871563 0.875954 1.14039 1.39556 1.3594 0.822828 0.802688 0.991319 1.19398 0.920481 0.807133 0.948783 1.34029 1.09874 1.14009 1.23623 1.06425
1e+20 1e+20 1e+20 1e+20 1e+20 1e+20 1e+20 1e+20 1e+20 1e+20 1e+20 1e+20 1e+20 1e+20 1e+20 1e+20 1e+20 1e+20 1e+20 1.47794 1.63857 1.4359 0.963899 1.28607 1.19101 1.11172 1.03061 0.909809 1.05389 1.10671 1.07395 1.08638 1.57907 1.11763 1.04318 1.7541 1.78105 1.547 1.06281 0.870771 1.11694 0.951252 0.894414 1.01506 1.07472 1.18387 1.30623 1.17851 1.26792 1.25197 0.96641 0.872846 0.796785 0.996564 0.964463 0.974328 0.768238 0.932537 0.673049 0.333219 0.868156 1.02968 1.34438 1.00786 0.824966 0.865057 1.54422 1.21454 1.21829 1.37435 1.29649
1e+20 1e+20 1e+20 1e+20 1e+20 1e+20 1e+20 1e+20 1e+20 1e+20 1e+20 1e+20 1e+20 1e+20 1e+20 1e+20 1e+20 1e+20 1e+20 1.2456 1.26971 1.47575 0.807907 0.998174 0.821649 1.07762 0.882676 0.690945 0.893991 0.895163 1.16977 1.13715 1.3561 1.16496 1.23578 1.71178 1.89526 1.4472 1.46705 1.23954 0.754874 0.428326 0.67939 1.28309 1.45124 1.16492 0.993907 0.878707 1.16134 0.959212 0.788591 0.941911 0.883656 0.86373 0.868687 0.905025 0.654712 0.526761 0.529142 0.545536 0.921073 0.995588 1.11343 0.986348 1.2095 1.38177 1.54511 1.25696 1.32719 1.46356 0.925464
1e+20 1e+20 1e+20 1e+20 1e+20 1e+20 1e+20 1e+20 1e+20 1e+20 1e+20 1e+20 1e+20 1e+20 1e+20 1e+20 1e+20 1e+20 1e+20 0.772673 0.590453 1.10664 0.988758 1.18346 0.707892 0.844772 0.839763 0.949925 0.79624 0.523382 1.07192 1.15288 1.28046 1.0754 1.11336 1.36824 1.43489 1.47968 1.75626 1.37604 1.05524 0.221174 1.02936 1.2581 1.78544 1.43808 1.02913 0.445022 0.744757 0.74292 0.440231 0.678252 0.863551 0.744997 0.814438 1.08322 0.888617 0.879973 1.16553 1.04802 0.918462 0.897975 0.96288 0.91215 1.4196 1.74885 1.44624 1.09163 1.106 1.26214 1.05996
1e+20 1e+20 1e+20 1e+20 1e+20 1e+20 1e+20 1e+20 1e+20 1e+20 1e+20 1e+20 1e+20 1e+20 1e+20 1e+20 1e+20 1e+20 1e+20 1.23656 1.08786 1.26673 1.03768 1.03739 0.712574 0.896877 0.894018 0.891782 0.748128 0.780634 0.898035 1.2656 1.35235 1.485 1.20435 1.09786 1.06817 1.30059 1.34894 1.20054 0.961123 0.401782 0.575819 0.871272 1.35372 1.22599 1.26375 0.707313 0.585571 0.830104 0.561918 0.791612 1.00326 0.821148 0.713556 1.09955 1.01275 1.34332 1.97685 1.39526 1.27636 1.13524 1.19437 1.07769 0.956417 1.14635 0.935942 0.937478 1.05097 1.13742 0.786903
1e+20 1e+20 1e+20 1e+20 1e+20 1e+20 1e+20 1e+20 1e+20 1e+20 1e+20 1e+20 1e+20 1e+20 1e+20 1e+20 1e+20 1e+20 1e+20 1.23296 1.22763 1.15166 0.945271 0.927468 0.593882 0.637804 0.835419 0.918902 0.59493 1.12292 0.919133 1.10465 1.10485 1.37777 1.11953 1.02588 1.03426 0.971569 0.973748 1.18109 1.076 0.705856 0.662931 0.834334 1.19937 1.09953 1.00642 0.888658 0.679124 0.918884 0.592908 0.85543 0.887248 0.880925 0.911578 1.26403 1.16868 1.73109 1.63481 0.97702 1.01029 1.18775 1.34792 0.905481 0.758004 0.813763 0.903178 0.985696 1.05436 1.20395 1.19518
1e+20 1e+20 1e+20 1e+20 1e+20 1e+20 1e+20 1e+20 1e+20 1e+20 1e+20 1e+20 1e+20 1e+20 1e+20 1e+20 1e+20 1e+20 1e+20 1.03917 1.12418 1.10501 1.04644 0.721582 0.49887 0.744609 0.861339 1.04009 0.468778 0.895274 0.938455 1.13859 1.04975 0.944221 0.970128 1.01231 1.10045 0.742274 0.83966 0.878967 1.21961 1.06153 0.893723 0.742285 0.980598 1.03616 0.814121 0.936269 0.949492 1.50873 1.28175 1.1524 0.781286 0.761996 1.12038 1.6735 1.41362 1.57281 1.37798 0.88025 1.11497 1.1586 1.18811 0.986347 0.751084 0.747489 0.759518 0.936334 1.06072 0.949775 0.801247
1e+20 1e+20 1e+20 1e+20 1e+20 1e+20 1e+20 1e+20 1e+20 1e+20 1e+20 1e+20 1e+20 1e+20 1e+20 1e+20 1e+20 1e+20 1e+20 0.77373 1.03653 1.13279 0.936894 0.582097 0.498106 0.805754 1.08843 0.962197 0.905393 1.09343 1.22816 1.26398 1.04358 0.546554 0.769229 0.862975 0.882018 0.826972 1.1383 1.07299 1.41701 1.41938 1.17205 0.809624 1.09431 1.46161 1.17535 1.19948 1.03571 1.14794 1.06824 0.797279 0.652897 0.616339 1.2573 1.32141 1.06554 1.2673 1.18619 0.799878 0.837662 0.764932 0.988974 1.15228 0.867931 0.894296 0.787261 0.755598 0.830422 0.340404 0.317477
1e+20 1e+20 1e+20 1e+20 1e+20 1e+20 1e+20 1e+20 1e+20 1e+20 1e+20 1e+20 1e+20 1e+20 1e+20 1e+20 1e+20 1e+20 1e+20 0.580094 0.808634 0.629863 0.858723 0.898562 0.762384 0.762513 1.04406 0.996615 1.18212 0.859101 0.848218 1.24095 1.07246 0.533386 0.875739 0.852959 0.789005 0.692217 1.02497 1.04248 1.46874 1.2687 0.996469 0.51719 0.888922 0.887555 0.947769 1.12543 1.11891 0.815619 1.02932 1.1332 1.02636 0.926112 1.23637 1.01048 1.1039 0.933587 1.17155 0.853314 0.569153 0.302369 0.845538 1.10513 0.675615 0.895216 0.883827 0.393785 0.556186 0.619891 0.371932
1e+20 1e+20 1e+20 1e+20 1e+20 1e+20 1e+20 1e+20 1e+20 1e+20 1e+20 1e+20 1e+20 1e+20 1e+20 1e+20 1e+20 1e+20 1e+20 0.925201 1.13654 0.838576 0.948957 1.1179 0.645681 0.558702 0.831174 0.726826 0.999476 0.917889 1.01649 1.06952 1.12313 0.820889 1.04826 0.944863 0.657997 0.721346 1.00778 0.911787 1.1651 1.32631 1.09252 0.763081 0.932139 0.967728 0.922789 0.974524 1.22723 0.752757 0.786528 1.06549 1.08197 0.954671 0.988056 0.964802 0.951153 1.02364 0.992991 0.82214 0.754918 0.508498 0.656021 0.795403 0.555001 0.605853 0.57276 0.331707 0.440474 0.668832 0.628936
1e+20 1e+20 1e+20 1e+20 1e+20 1e+20 1e+20 1e+20 1e+20 1e+20 1e+20 1e+20 1e+20 1e+20 1e+20 1e+20 1e+20 1e+20 1e+20 0.89889 0.7172 0.707604 0.841925 1.10575 1.02323 0.5718 0.949798 0.94903 1.15562 1.11887 1.01995 0.81981 1.08243 1.08141 1.23534 0.928564 0.983517 0.92672 1.04447 1.17602 0.989788 1.17787 1.15223 0.858193 1.27841 1.3914 1.0976 1.04589 1.05669 0.587311 0.457824 0.928901 1.05029 0.938159 0.866903 0.883395 0.676881 0.619239 0.746318 0.939049 1.24087 0.866973 0.530762 0.585073 0.404756 0.546049 0.417275 0.212639 0.116232 0.224747 0.412394
1e+20 1e+20 1e+20 1e+20 1e+20 1e+20 1e+20 1e+20 1e+20 1e+20 1e+20 1e+20 1e+20 1e+20 1e+20 1e+20 1e+20 1e+20 1e+20 0.807545 0.791716 0.856579 0.798548 0.803076 1.24133 1.00868 0.967988 0.972094 0.864685 0.98512 1.12936 1.096 1.24684 1.04833 0.970555 0.562005 1.30146 1.26244 1.20288 1.6109 1.06272 0.973263 1.21928 0.855523 0.887435 1.15778 1.21362 1.22031 1.19942 0.898364 0.808926 0.998779 0.953249 0.795045 0.839121 0.824097 0.855694 0.349551 0.626564 0.927622 1.18608 0.871591 0.820168 0.574718 0.538534 0.417062 0.301091 0.372666 0.349387 0.288492 0.253032
1e+20 1e+20 1e+20 1e+20 1e+20 1e+20 1e+20 1e+20 1e+20 1e+20 1e+20 1e+20 1e+20 1e+20 1e+20 1e+20 1e+20 1e+20 1e+20 0.815358 1.10792 0.923145 0.935901 0.808064 1.17573 1.39162 1.47911 0.989944 0.556952 1.04877 1.03475 1.19122 1.34927 1.2949 1.23563 0.933603 1.46488 1.56036 1.08855 1.06787 0.921744 1.43839 1.5336 1.0185 1.21866 1.36402 1.18468 0.805773 0.77357 1.00068 0.839584 0.850593 0.912336 0.913965 1.06693 0.653825 0.877452 0.723575 0.734341 0.534983 0.636954 0.321131 0.404312 0.645367 0.783436 0.508984 0.340281 0.525585 0.526955 0.424303 0.342954
1e+20 1e+20 1e+20 1e+20 1e+20 1e+20 1e+20 1e+20 1e+20 1e+20 1e+20 1e+20 1e+20 1e+20 1e+20 1e+20 1e+20 1e+20 1e+20 0.995599 1.09915 0.866774 1.32482 0.793679 1.07612 1.2015 1.15278 1.04163 0.65434 0.675548 0.63038 1.08443 1.2988 1.24532 1.01109 0.85584 1.25684 1.22248 1.44023 0.850147 0.982442 1.45284 1.8204 1.163 1.17538 1.39416 0.985179 0.423629 0.403694 1.21528 1.17564 0.841492 0.859 0.859071 1.20419 0.931746 0.602842 0.910652 0.730403 0.520818 0.631285 0.449835 0.498868 0.645943 0.532917 0.255991 0.188199 0.674037 0.698379 0.681497 0.638641
1e+20 1e+20 1e+20 1e+20 1e+20 1e+20 1e+20 1e+20 1e+20 1e+20 1e+20 1e+20 1e+20 1e+20 1e+20 1e+20 1e+20 1e+20 1e+20 0.965685 0.889156 0.92658 1.12885 0.780567 1.07931 0.982988 1.0298 1.09632 1.01756 0.716588 0.657379 0.699703 0.952274 0.981401 0.762508 0.667579 1.0265 1.03639 0.991031 0.859808 1.21354 1.57605 1.29859 1.06094 0.817525 0.938107 0.927946 0.806305 0.606292 0.819196 0.872196 0.801846 0.9926 0.919033 1.15475 1.10376 0.707609 0.69983 0.57382 0.385022 0.44391 0.515821 0.512653 0.597214 0.65737 0.548141 0.229822 0.330909 0.547006 0.694269 0.817295
1e+20 1e+20 1e+20 1e+20 1e+20 1e+20 1e+20 1e+20 1e+20 1e+20 1e+20 1e+20 1e+20 1e+20 1e+20 1e+20 1e+20 1e+20 1e+20 1.02397 0.868589 0.994029 0.842288 0.594887 1.25568 0.930942 0.590479 0.83283 0.994294 0.949677 0.988798 1.06772 1.30284 1.06938 1.02353 0.832968 1.20591 1.17925 0.777561 0.623047 0.98398 0.979601 0.576781 0.958443 0.914347 0.75247 1.12637 1.1096 0.792813 0.906178 0.86253 0.717308 1.03501 0.847659 0.97743 0.89851 0.460723 0.43927 0.500057 0.443637 0.334956 0.517086 0.518245 0.505964 0.644465 0.624032 0.24338 0.404479 0.442017 0.456739 0.379638
1e+20 1e+20 1e+20 1e+20 1e+20 1e+20 1e+20 1e+20 1e+20 1e+20 1e+20 1e+20 1e+20 1e+20 1e+20 1e+20 1e+20 1e+20 1e+20 1.23845 1.03269 0.8784 0.4195 0.521201 0.788392 0.68685 0.617668 0.613002 0.727323 0.980148 0.898546 0.971283 1.58194 1.16224 1.02792 0.890202 1.36636 1.24131 0.340967 0.584146 1.22912 0.910939 0.963987 1.13529 1.27323 0.993633 0.867179 0.912312 0.86253 1.01439 0.947685 0.881412 1.25016 1.10877 0.741221 0.644736 0.322042 0.443444 0.557466 0.606994 0.388406 0.469748 0.316497 0.707442 0.890817 0.723258 0.518435 0.385148 0.3742 0.457266 0.494278
1e+20 1e+20 1e+20 1e+20 1e+20 1e+20 1e+20 1e+20 1e+20 1e+20 1e+20 1e+20 1e+20 1e+20 1e+20 1e+20 1e+20 1e+20 1e+20 0.597153 0.932507 1.06236 0.559471 0.564456 0.575719 0.613644 0.759152 0.562263 0.61629 1.02295 0.906257 1.05414 1.12107 0.958236 1.06955 1.03302 1.54651 1.30134 0.906108 0.548099 1.24605 1.29289 1.47296 1.12688 1.1683 1.19647 0.977866 0.939972 0.870827 1.08272 0.877918 0.727559 0.981162 0.75512 0.204342 0.352205 0.446011 0.647626 0.881176 0.664405 0.202323 0.402509 0.618568 0.948906 0.844242 0.68478 0.770746 0.641743 0.570229 0.587571 0.618152
