pygmi/test/mag.asc
ncols 			232
nrows 			481
xllcorner 			-20187.5000000001
yllcorner 			-2823315.0
cellsize 			125.0
nodata_value 		1e+20
[rows 64 to 95 of 481, columns 0 to 72 of 232]
1e+20 1e+20 1e+20 1e+20 1e+20 1e+20 1e+20 1e+20 1e+20 1e+20 1e+20 1e+20 1e+20 1e+20 1e+20 1e+20 1e+20 1e+20 1e+20 1e+20 28741.5 28731.2 28717.6 28716.7 28741.9 28765.4 28722.0 28697.0 28693.8 28693.3 28691.1 28685.3 28666.3 28656.6 28673.0 28680.5 28670.7 28663.9 28673.4 28694.2 28706.9 28712.6 28712.7 28714.3 28717.0 28718.6 28713.5 28721.3 28726.3 28721.0 28703.0 28701.7 28702.9 28711.2 28728.0 28703.7 28619.7 28519.6 28435.9 28465.1 28623.2 28688.8 28733.4 28747.8 28748.7 28730.9 28665.0 28674.2 28683.9 28732.0 28731.6 28702.4 28693.8
1e+20 1e+20 1e+20 1e+20 1e+20 1e+20 1e+20 1e+20 1e+20 1e+20 1e+20 1e+20 1e+20 1e+20 1e+20 1e+20 1e+20 1e+20 1e+20 1e+20 28753.8 28743.1 28728.7 28724.4 28742.6 28733.9 28717.2 28711.5 28712.6 28705.8 28695.9 28690.9 28689.8 28691.4 28700.7 28699.0 28678.7 28653.8 28661.3 28696.7 28718.1 28727.7 28726.3 28732.2 28745.1 28731.6 28736.4 28750.6 28754.0 28773.9 28743.0 28749.8 28753.3 28739.5 28763.3 28795.3 28762.3 28749.5 28636.6 28585.8 28664.4 28662.5 28707.4 28738.2 28736.3 28707.3 28629.9 28602.0 28625.3 28726.9 28776.1 28754.2 28743.6
1e+20 1e+20 1e+20 1e+20 1e+20 1e+20 1e+20 1e+20 1e+20 1e+20 1e+20 1e+20 1e+20 1e+20 1e+20 1e+20 1e+20 1e+20 1e+20 1e+20 28764.7 28746.6 28731.8 28722.4 28726.6 28712.3 28715.0 28722.0 28732.8 28722.2 28714.1 28707.8 28701.2 28713.6 28746.9 28732.4 28711.1 28669.5 28653.2 28691.0 28727.1 28747.1 28755.3 28751.0 28763.4 28760.5 28756.3 28781.7 28776.9 28803.7 28731.8 28738.0 28758.5 28738.1 28745.2 28768.9 28726.9 28741.0 28692.9 28631.9 28616.1 28593.9 28627.0 28688.0 28737.6 28769.0 28697.8 28603.2 28588.6 28672.7 28780.5 28797.5 28791.3
1e+20 1e+20 1e+20 1e+20 1e+20 1e+20 1e+20 1e+20 1e+20 1e+20 1e+20 1e+20 1e+20 1e+20 1e+20 1e+20 1e+20 1e+20 1e+20 1e+20 28798.0 28768.0 28751.4 28755.4 28757.7 28756.4 28765.6 28755.8 28765.7 28746.2 28741.5 28754.8 28714.3 28723.7 28807.5 28760.7 28760.0 28743.9 28685.3 28697.2 28731.0 28731.4 28759.9 28751.9 28761.9 28761.8 28715.8 28723.3 28708.8 28722.0 28705.7 28702.3 28713.4 28702.8 28693.8 28710.3 28712.6 28719.3 28707.1 28655.6 28596.5 28577.5 28567.6 28608.5 28679.8 28757.1 28798.8 28765.8 28683.6 28653.7 28793.1 28853.2 28860.5
1e+20 1e+20 1e+20 1e+20 1e+20 1e+20 1e+20 1e+20 1e+20 1e+20 1e+20 1e+20 1e+20 1e+20 1e+20 1e+20 1e+20 1e+20 1e+20 1e+20 28837.9 28815.9 28793.6 28816.9 28820.2 28817.3 28844.6 28826.7 28794.2 28756.5 28736.3 28771.2 28720.1 28713.4 28765.0 28707.1 28717.4 28740.8 28681.7 28671.1 28675.4 28653.1 28678.9 28691.4 28698.4 28726.9 28695.9 28690.3 28693.9 28699.1 28704.8 28705.3 28707.8 28706.4 28698.9 28705.0 28725.8 28730.5 28730.3 28709.1 28665.4 28611.7 28532.3 28508.5 28604.6 28684.7 28797.1 28861.3 28819.7 28779.4 28821.9 28927.9 29013.3
1e+20 1e+20 1e+20 1e+20 1e+20 1e+20 1e+20 1e+20 1e+20 1e+20 1e+20 1e+20 1e+20 1e+20 1e+20 1e+20 1e+20 1e+20 1e+20 1e+20 28809.5 28824.7 28804.4 28810.0 28835.7 28828.8 28793.2 28759.2 28713.6 28702.4 28691.1 28711.9 28700.5 28682.5 28695.8 28673.7 28661.3 28681.4 28676.7 28671.0 28668.3 28651.6 28653.3 28662.9 28670.7 28694.4 28698.8 28699.6 28705.5 28710.4 28714.4 28718.0 28719.8 28717.6 28718.8 28726.7 28742.7 28748.4 28748.6 28753.5 28739.4 28694.1 28622.7 28543.6 28620.5 28677.9 28785.0 28913.3 28899.9 28878.2 28759.4 28840.2 28976.6
1e+20 1e+20 1e+20 1e+20 1e+20 1e+20 1e+20 1e+20 1e+20 1e+20 1e+20 1e+20 1e+20 1e+20 1e+20 1e+20 1e+20 1e+20 1e+20 1e+20 28751.3 28760.3 28740.4 28735.6 28750.2 28735.0 28692.1 28691.7 28676.1 28678.9 28682.0 28695.0 28707.2 28701.2 28700.6 28679.9 28658.7 28686.9 28699.9 28696.6 28688.9 28677.4 28663.9 28657.9 28664.5 28697.2 28704.5 28713.4 28720.9 28725.5 28729.8 28735.2 28741.1 28742.3 28753.6 28773.9 28780.1 28788.6 28779.8 28785.0 28790.0 28757.9 28747.6 28652.7 28651.7 28629.1 28644.6 28744.0 28791.1 28794.2 28653.9 28626.9 28703.1
1e+20 1e+20 1e+20 1e+20 1e+20 1e+20 1e+20 1e+20 1e+20 1e+20 1e+20 1e+20 1e+20 1e+20 1e+20 1e+20 1e+20 1e+20 1e+20 1e+20 28737.9 28742.9 28737.1 28722.4 28709.9 28698.4 28677.9 28676.5 28677.5 28678.1 28681.0 28686.8 28701.8 28707.8 28711.9 28671.5 28657.5 28716.0 28732.0 28723.5 28712.1 28705.7 28693.5 28680.0 28686.6 28701.7 28703.0 28712.8 28731.8 28741.6 28753.9 28765.7 28775.4 28794.3 28788.4 28821.6 28818.0 28810.4 28789.1 28758.9 28762.5 28718.8 28696.5 28640.9 28615.4 28585.5 28553.5 28588.0 28635.8 28723.2 28620.6 28575.5 28607.1
1e+20 1e+20 1e+20 1e+20 1e+20 1e+20 1e+20 1e+20 1e+20 1e+20 1e+20 1e+20 1e+20 1e+20 1e+20 1e+20 1e+20 1e+20 1e+20 1e+20 28737.1 28742.2 28738.5 28728.6 28714.7 28703.8 28692.7 28685.4 28684.2 28683.9 28683.7 28687.0 28697.5 28699.6 28687.7 28653.8 28666.4 28719.5 28749.7 28743.1 28734.0 28735.8 28731.0 28716.3 28719.5 28712.9 28706.6 28709.1 28733.8 28759.6 28776.2 28802.6 28801.6 28822.1 28775.6 28790.0 28777.3 28719.2 28695.9 28663.3 28675.8 28656.7 28630.9 28610.2 28609.0 28600.0 28567.1 28526.6 28493.8 28622.9 28614.2 28561.4 28558.8
1e+20 1e+20 1e+20 1e+20 1e+20 1e+20 1e+20 1e+20 1e+20 1e+20 1e+20 1e+20 1e+20 1e+20 1e+20 1e+20 1e+20 1e+20 1e+20 1e+20 28738.1 28742.6 28741.3 28737.0 28730.7 28721.8 28707.5 28697.8 28694.0 28691.6 28689.8 28693.1 28698.6 28698.9 28692.0 28671.6 28675.9 28707.0 28733.8 28739.3 28740.0 28747.1 28758.2 28759.2 28757.5 28747.7 28730.0 28727.6 28735.4 28763.2 28759.9 28774.1 28735.5 28710.8 28687.7 28682.4 28692.1 28668.7 28669.9 28657.4 28652.1 28641.0 28621.7 28606.3 28619.2 28623.2 28613.5 28606.5 28604.2 28684.0 28669.0 28587.1 28553.3
1e+20 1e+20 1e+20 1e+20 1e+20 1e+20 1e+20 1e+20 1e+20 1e+20 1e+20 1e+20 1e+20 1e+20 1e+20 1e+20 1e+20 1e+20 1e+20 1e+20 28738.9 28741.2 28741.8 28740.2 28736.3 28728.7 28717.2 28709.4 28705.4 28702.4 28698.7 28700.5 28705.4 28707.3 28712.8 28703.1 28705.6 28717.5 28725.0 28726.5 28730.9 28746.9 28764.6 28783.2 28794.2 28805.5 28760.7 28728.2 28699.9 28685.2 28676.4 28674.2 28669.3 28656.5 28660.5 28660.5 28662.8 28661.6 28665.8 28663.9 28655.5 28644.9 28632.1 28623.5 28623.1 28634.2 28636.4 28638.6 28636.3 28627.6 28661.0 28630.0 28597.9
1e+20 1e+20 1e+20 1e+20 1e+20 1e+20 1e+20 1e+20 1e+20 1e+20 1e+20 1e+20 1e+20 1e+20 1e+20 1e+20 1e+20 1e+20 1e+20 1e+20 28739.4 28738.4 28738.8 28737.8 28738.2 28735.9 28728.2 28722.5 28719.9 28716.3 28709.5 28708.4 28715.0 28722.9 28747.3 28743.4 28738.1 28735.1 28730.7 28727.2 28725.7 28752.3 28760.8 28776.9 28779.0 28789.7 28739.1 28693.5 28655.0 28612.7 28616.4 28624.8 28643.2 28650.5 28659.5 28669.7 28668.8 28667.4 28667.5 28662.1 28655.6 28650.6 28640.5 28626.4 28614.8 28630.7 28636.7 28649.8 28658.9 28653.5 28691.1 28686.1 28655.3
1e+20 1e+20 1e+20 1e+20 1e+20 1e+20 1e+20 1e+20 1e+20 1e+20 1e+20 1e+20 1e+20 1e+20 1e+20 1e+20 1e+20 1e+20 1e+20 1e+20 28745.6 28738.9 28733.2 28733.7 28739.4 28752.7 28750.6 28744.9 28745.3 28747.4 28729.6 28719.5 28721.7 28727.0 28747.7 28752.9 28754.6 28757.9 28747.2 28747.3 28738.9 28751.5 28736.0 28715.1 28708.8 28706.0 28691.6 28671.0 28650.5 28618.0 28601.5 28611.5 28630.3 28644.3 28654.7 28669.4 28674.4 28666.5 28661.3 28656.9 28651.2 28650.5 28646.5 28633.8 28620.4 28620.7 28620.8 28644.2 28662.7 28652.3 28651.9 28690.9 28698.6
1e+20 1e+20 1e+20 1e+20 1e+20 1e+20 1e+20 1e+20 1e+20 1e+20 1e+20 1e+20 1e+20 1e+20 1e+20 1e+20 1e+20 1e+20 1e+20 1e+20 28769.4 28764.1 28748.4 28745.5 28781.5 28800.7 28791.5 28788.0 28785.0 28807.9 28753.4 28726.7 28724.3 28729.7 28746.9 28759.7 28756.6 28763.1 28734.9 28724.4 28709.9 28700.6 28676.8 28645.3 28653.3 28659.4 28658.9 28660.8 28656.8 28647.2 28629.7 28624.4 28627.5 28635.0 28645.2 28663.0 28671.6 28663.2 28656.0 28655.1 28654.4 28652.3 28648.9 28640.6 28627.0 28619.4 28622.0 28637.9 28651.6 28627.9 28569.2 28619.9 28684.3
1e+20 1e+20 1e+20 1e+20 1e+20 1e+20 1e+20 1e+20 1e+20 1e+20 1e+20 1e+20 1e+20 1e+20 1e+20 1e+20 1e+20 1e+20 1e+20 1e+20 28802.4 28811.6 28814.7 28791.5 28843.3 28873.5 28839.3 28845.3 28817.3 28803.5 28733.6 28721.0 28725.9 28735.8 28738.5 28728.9 28707.3 28702.1 28689.1 28675.7 28672.8 28673.4 28672.1 28653.3 28644.3 28651.5 28640.7 28644.8 28652.2 28651.7 28642.9 28627.7 28611.4 28615.5 28625.8 28645.4 28661.4 28663.9 28662.8 28662.3 28664.0 28660.7 28657.2 28651.9 28637.0 28626.3 28628.5 28636.6 28645.4 28631.7 28593.7 28602.2 28659.5
1e+20 1e+20 1e+20 1e+20 1e+20 1e+20 1e+20 1e+20 1e+20 1e+20 1e+20 1e+20 1e+20 1e+20 1e+20 1e+20 1e+20 1e+20 1e+20 1e+20 28820.7 28837.6 28878.3 28870.0 28889.4 28921.7 28841.7 28812.2 28767.5 28712.7 28698.4 28708.8 28718.9 28717.5 28712.7 28682.1 28660.6 28663.4 28669.2 28660.6 28653.1 28656.4 28664.2 28666.0 28657.4 28652.6 28627.4 28624.4 28637.8 28648.3 28647.5 28631.8 28600.0 28593.7 28597.8 28618.4 28639.8 28659.0 28669.6 28674.3 28674.4 28668.6 28663.5 28656.7 28640.9 28625.7 28631.0 28635.5 28633.0 28620.6 28596.0 28551.2 28552.4
1e+20 1e+20 1e+20 1e+20 1e+20 1e+20 1e+20 1e+20 1e+20 1e+20 1e+20 1e+20 1e+20 1e+20 1e+20 1e+20 1e+20 1e+20 1e+20 1e+20 28794.4 28778.1 28787.3 28788.1 28763.7 28771.5 28726.0 28690.0 28705.3 28675.1 28679.4 28690.3 28687.0 28671.9 28666.8 28634.5 28623.6 28651.3 28667.7 28665.6 28656.2 28653.3 28659.1 28667.5 28669.8 28675.4 28649.3 28632.7 28636.4 28649.0 28655.5 28653.2 28626.5 28602.6 28577.6 28574.4 28596.3 28637.9 28665.7 28680.3 28683.8 28675.9 28671.1 28665.3 28651.5 28638.5 28641.3 28637.0 28624.4 28605.6 28573.7 28482.4 28411.8
1e+20 1e+20 1e+20 1e+20 1e+20 1e+20 1e+20 1e+20 1e+20 1e+20 1e+20 1e+20 1e+20 1e+20 1e+20 1e+20 1e+20 1e+20 1e+20 1e+20 28754.4 28730.6 28707.5 28704.5 28702.0 28688.2 28684.5 28684.2 28706.1 28693.4 28688.8 28687.9 28671.4 28659.2 28650.7 28615.7 28627.5 28659.8 28675.5 28669.6 28661.5 28656.8 28662.9 28669.8 28674.0 28683.3 28669.5 28653.7 28646.9 28650.9 28653.1 28653.2 28651.8 28640.0 28608.4 28568.1 28553.0 28582.4 28633.3 28673.8 28686.7 28681.1 28677.4 28671.9 28664.9 28657.3 28654.8 28648.2 28639.5 28628.9 28618.2 28564.6 28493.5
1e+20 1e+20 1e+20 1e+20 1e+20 1e+20 1e+20 1e+20 1e+20 1e+20 1e+20 1e+20 1e+20 1e+20 1e+20 1e+20 1e+20 1e+20 1e+20 1e+20 28730.4 28714.3 28690.6 28681.3 28706.7 28701.9 28697.0 28703.9 28711.9 28707.2 28702.9 28697.2 28675.1 28661.2 28652.6 28634.3 28646.8 28663.3 28672.4 28667.7 28665.9 28666.2 28671.9 28675.9 28679.9 28693.6 28682.7 28666.2 28654.8 28651.7 28648.3 28642.5 28653.8 28662.6 28663.6 28630.8 28578.4 28549.1 28575.2 28629.8 28673.0 28684.7 28685.0 28677.0 28674.0 28670.1 28668.8 28661.3 28652.0 28642.2 28638.5 28606.8 28530.3
1e+20 1e+20 1e+20 1e+20 1e+20 1e+20 1e+20 1e+20 1e+20 1e+20 1e+20 1e+20 1e+20 1e+20 1e+20 1e+20 1e+20 1e+20 1e+20 1e+20 28720.3 28714.4 28678.1 28668.6 28697.5 28716.4 28719.0 28718.2 28719.2 28719.6 28717.9 28710.5 28689.3 28674.8 28668.6 28661.8 28661.8 28666.1 28668.1 28669.5 28671.1 28673.6 28677.4 28680.9 28685.9 28695.6 28688.9 28676.7 28668.8 28663.1 28656.5 28649.5 28653.1 28663.8 28683.4 28686.8 28654.8 28606.8 28581.3 28596.1 28634.7 28672.9 28690.1 28689.4 28686.3 28681.9 28679.9 28674.2 28665.7 28655.5 28650.9 28631.8 28566.2
1e+20 1e+20 1e+20 1e+20 1e+20 1e+20 1e+20 1e+20 1e+20 1e+20 1e+20 1e+20 1e+20 1e+20 1e+20 1e+20 1e+20 1e+20 1e+20 1e+20 28720.1 28748.0 28734.9 28685.8 28697.0 28720.9 28724.8 28720.0 28715.6 28718.9 28722.4 28715.1 28698.1 28684.0 28677.7 28673.5 28670.1 28669.7 28670.4 28673.6 28675.6 28678.4 28681.8 28684.7 28688.3 28699.2 28695.0 28686.1 28682.2 28678.4 28670.6 28662.3 28660.7 28668.0 28681.4 28693.7 28691.7 28673.2 28643.7 28624.4 28624.6 28657.1 28685.7 28695.4 28695.8 28693.4 28691.2 28686.0 28675.0 28658.9 28647.1 28637.4 28603.9
1e+20 1e+20 1e+20 1e+20 1e+20 1e+20 1e+20 1e+20 1e+20 1e+20 1e+20 1e+20 1e+20 1e+20 1e+20 1e+20 1e+20 1e+20 1e+20 1e+20 1e+20 28728.1 28735.6 28668.0 28680.8 28712.0 28719.9 28714.4 28707.1 28706.9 28711.8 28711.0 28701.1 28690.1 28684.0 28679.7 28676.3 28674.5 28673.7 28675.7 28678.3 28681.5 28685.4 28688.1 28689.8 28696.6 28699.1 28689.7 28687.4 28686.9 28683.5 28677.0 28672.3 28671.6 28669.9 28684.3 28695.8 28688.0 28677.6 28660.3 28645.2 28644.0 28674.0 28694.7 28699.1 28697.2 28693.4 28692.0 28685.7 28672.4 28656.8 28643.5 28619.6
1e+20 1e+20 1e+20 1e+20 1e+20 1e+20 1e+20 1e+20 1e+20 1e+20 1e+20 1e+20 1e+20 1e+20 1e+20 1e+20 1e+20 1e+20 1e+20 1e+20 1e+20 28733.3 28761.7 28686.5 28679.5 28701.3 28711.8 28708.5 28702.7 28700.6 28702.2 28703.3 28700.0 28693.4 28689.0 28684.9 28681.7 28679.7 28677.8 28678.1 28680.3 28683.4 28688.6 28691.9 28694.0 28699.9 28705.5 28693.9 28690.4 28689.9 28690.3 28689.7 28689.0 28683.3 28672.9 28676.2 28678.9 28675.6 28676.1 28672.0 28649.1 28595.5 28610.5 28668.9 28689.8 28693.5 28691.0 28691.9 28690.8 28685.7 28676.9 28666.9 28651.3
1e+20 1e+20 1e+20 1e+20 1e+20 1e+20 1e+20 1e+20 1e+20 1e+20 1e+20 1e+20 1e+20 1e+20 1e+20 1e+20 1e+20 1e+20 1e+20 1e+20 1e+20 28694.5 28729.3 28658.1 28668.7 28694.9 28708.8 28708.4 28703.1 28698.7 28698.3 28700.0 28700.4 28697.2 28693.3 28689.4 28686.6 28684.2 28682.7 28682.1 28682.0 28683.8 28690.2 28693.4 28696.2 28700.2 28698.2 28687.6 28686.6 28690.2 28693.9 28697.0 28701.1 28702.1 28698.4 28682.7 28671.1 28671.8 28676.5 28674.4 28633.0 28548.4 28548.6 28636.6 28675.0 28685.6 28683.9 28687.5 28689.6 28688.3 28685.6 28683.6 28679.1
1e+20 1e+20 1e+20 1e+20 1e+20 1e+20 1e+20 1e+20 1e+20 1e+20 1e+20 1e+20 1e+20 1e+20 1e+20 1e+20 1e+20 1e+20 1e+20 1e+20 1e+20 28654.3 28673.3 28660.1 28673.2 28692.2 28705.8 28708.9 28706.2 28701.7 28698.4 28698.7 28699.5 28698.1 28695.5 28692.7 28690.9 28689.1 28688.1 28686.9 28685.3 28685.9 28689.6 28692.2 28703.6 28721.0 28695.1 28687.5 28685.1 28691.0 28697.6 28703.7 28701.6 28701.5 28701.2 28688.8 28678.5 28673.3 28673.3 28680.0 28671.8 28640.1 28613.6 28644.2 28672.3 28682.6 28682.1 28683.9 28684.3 28684.1 28683.9 28685.9 28685.4
1e+20 1e+20 1e+20 1e+20 1e+20 1e+20 1e+20 1e+20 1e+20 1e+20 1e+20 1e+20 1e+20 1e+20 1e+20 1e+20 1e+20 1e+20 1e+20 1e+20 1e+20 28640.4 28646.9 28664.8 28680.8 28691.8 28704.7 28709.1 28708.0 28705.0 28701.0 28699.2 28698.7 28696.9 28695.2 28693.8 28693.8 28693.4 28693.2 28690.9 28688.9 28687.0 28686.7 28686.8 28690.3 28700.0 28697.0 28693.7 28689.3 28692.4 28698.2 28701.6 28701.2 28691.4 28685.7 28686.8 28686.8 28679.3 28673.5 28679.7 28682.4 28675.9 28658.4 28652.2 28653.9 28677.2 28689.5 28688.3 28683.1 28681.5 28682.3 28683.4 28682.4
1e+20 1e+20 1e+20 1e+20 1e+20 1e+20 1e+20 1e+20 1e+20 1e+20 1e+20 1e+20 1e+20 1e+20 1e+20 1e+20 1e+20 1e+20 1e+20 1e+20 1e+20 28643.0 28654.1 28668.6 28701.2 28694.9 28700.5 28706.6 28707.3 28704.4 28700.6 28697.8 28696.6 28695.1 28694.3 28694.2 28694.7 28695.8 28697.2 28696.5 28694.1 28689.6 28686.7 28686.4 28685.2 28690.5 28695.3 28693.3 28691.8 28694.5 28702.6 28701.0 28697.7 28691.3 28680.9 28685.2 28694.7 28683.8 28672.7 28676.2 28680.8 28684.9 28678.8 28662.1 28631.1 28658.8 28687.1 28694.7 28692.3 28687.2 28683.3 28678.0 28673.5
1e+20 1e+20 1e+20 1e+20 1e+20 1e+20 1e+20 1e+20 1e+20 1e+20 1e+20 1e+20 1e+20 1e+20 1e+20 1e+20 1e+20 1e+20 1e+20 1e+20 1e+20 28650.6 28661.1 28684.7 28766.4 28720.5 28702.8 28704.2 28704.8 28701.8 28697.9 28695.6 28694.8 28693.9 28694.8 28695.9 28695.7 28696.4 28701.7 28707.1 28704.0 28696.0 28689.8 28684.3 28681.6 28684.9 28688.0 28692.1 28698.4 28703.6 28706.5 28702.8 28693.6 28688.5 28682.9 28685.5 28691.2 28684.5 28677.5 28675.5 28673.8 28686.0 28691.6 28685.9 28665.6 28669.7 28699.2 28706.2 28703.6 28698.4 28689.7 28679.8 28675.7
1e+20 1e+20 1e+20 1e+20 1e+20 1e+20 1e+20 1e+20 1e+20 1e+20 1e+20 1e+20 1e+20 1e+20 1e+20 1e+20 1e+20 1e+20 1e+20 1e+20 28651.1 28659.4 28670.4 28693.7 28737.6 28699.5 28697.0 28702.9 28704.1 28700.9 28696.1 28693.8 28693.4 28693.6 28696.6 28700.4 28702.3 28702.9 28707.2 28718.2 28717.8 28711.0 28708.3 28692.3 28688.2 28695.6 28687.3 28696.2 28705.2 28704.2 28690.9 28688.1 28680.6 28678.3 28677.9 28679.0 28677.9 28678.1 28679.7 28678.8 28676.0 28681.4 28680.9 28689.8 28680.6 28650.9 28677.1 28701.4 28709.1 28708.3 28699.3 28688.6 28683.4
1e+20 1e+20 1e+20 1e+20 1e+20 1e+20 1e+20 1e+20 1e+20 1e+20 1e+20 1e+20 1e+20 1e+20 1e+20 1e+20 1e+20 1e+20 1e+20 1e+20 28660.6 28665.7 28671.6 28681.8 28698.3 28695.9 28699.4 28705.1 28704.5 28701.3 28696.8 28693.3 28692.7 28692.3 28697.0 28707.2 28719.5 28741.0 28717.7 28723.0 28721.0 28732.4 28749.2 28710.1 28689.0 28689.2 28689.4 28694.8 28694.4 28687.8 28676.5 28674.2 28677.9 28675.6 28677.4 28673.7 28668.0 28669.1 28675.6 28676.2 28673.3 28663.4 28658.9 28673.5 28657.0 28613.1 28638.4 28677.9 28701.8 28711.9 28706.8 28696.5 28691.8
1e+20 1e+20 1e+20 1e+20 1e+20 1e+20 1e+20 1e+20 1e+20 1e+20 1e+20 1e+20 1e+20 1e+20 1e+20 1e+20 1e+20 1e+20 1e+20 1e+20 28670.5 28672.7 28676.3 28683.6 28696.6 28705.2 28707.6 28711.4 28708.0 28703.9 28698.4 28694.8 28696.3 28695.0 28699.3 28717.6 28747.7 28790.6 28717.2 28707.3 28705.1 28727.0 28749.9 28701.6 28678.1 28682.8 28689.7 28693.2 28691.4 28681.7 28678.6 28674.8 28684.8 28676.2 28675.0 28675.1 28669.0 28670.4 28677.7 28675.9 28668.0 28641.3 28618.2 28645.4 28655.0 28635.4 28633.1 28657.6 28682.8 28701.4 28706.1 28699.7 28694.1
1e+20 1e+20 1e+20 1e+20 1e+20 1e+20 1e+20 1e+20 1e+20 1e+20 1e+20 1e+20 1e+20 1e+20 1e+20 1e+20 1e+20 1e+20 1e+20 1e+20 28676.6 28678.1 28682.5 28690.7 28705.8 28715.8 28717.6 28722.0 28718.9 28710.4 28702.8 28700.0 28701.6 28699.1 28702.2 28719.1 28753.2 28748.9 28694.1 28687.7 28708.1 28737.1 28743.5 28700.1 28678.9 28682.1 28692.3 28695.2 28698.3 28692.7 28686.9 28675.6 28681.8 28677.9 28674.8 28678.1 28681.4 28681.3 28683.6 28674.2 28673.9 28647.6 28623.8 28634.3 28630.8 28626.0 28599.5 28600.6 28655.5 28685.5 28693.5 28691.0 28682.0
