pygmi/test/mag.asc
ncols 			232
nrows 			481
xllcorner 			-20187.5000000001
yllcorner 			-2823315.0
cellsize 			125.0
nodata_value 		1e+20
[rows 64 to 95 of 481, columns 73 to 145 of 232]
28696.8 28716.1 28752.5 28778.5 28784.0 28800.7 28827.1 28855.4 28849.5 28841.8 28832.6 28854.2 28887.3 28914.4 28945.5 28909.9 28962.5 28913.1 28942.6 28802.3 28812.1 28708.3 28709.7 28720.1 28673.9 28681.3 28669.1 28676.4 28685.1 28674.0 28688.7 28704.4 28703.4 28704.8 28690.6 28656.3 28624.2 28642.1 28686.4 28692.7 28691.1 28731.7 28777.4 28726.8 28625.7 28600.6 28678.2 28724.7 28751.8 28734.4 28723.5 28729.9 28736.0 28728.3 28736.5 28786.3 28763.2 28726.0 28707.4 28726.7 28740.4 28717.5 28618.5 28518.1 28553.3 28652.3 28687.9 28695.7 28656.6 28650.0 28609.0 28505.4 28474.4
28738.5 28744.3 28782.7 28805.1 28823.5 28839.9 28857.5 28889.8 28904.2 28925.6 28930.7 28915.7 28985.7 28948.4 29010.0 28888.1 28884.0 28758.3 28722.2 28671.0 28676.8 28676.2 28669.9 28684.3 28683.7 28689.7 28696.9 28699.5 28699.9 28696.8 28701.0 28710.4 28716.0 28719.5 28713.1 28699.7 28677.9 28664.8 28684.9 28702.1 28720.8 28809.8 28923.8 28824.8 28698.0 28637.9 28658.4 28701.4 28739.4 28739.3 28734.8 28734.0 28736.4 28727.9 28736.2 28767.5 28756.1 28706.4 28708.0 28728.0 28739.5 28735.3 28694.1 28615.0 28571.0 28620.6 28663.1 28714.6 28761.4 28775.2 28683.9 28510.3 28473.8
28800.8 28801.5 28838.6 28891.4 28917.8 28966.3 28979.7 28966.8 29015.5 28993.8 29014.8 28867.0 28872.6 28746.4 28774.9 28716.8 28700.2 28676.1 28664.2 28677.0 28682.0 28692.3 28696.9 28700.1 28703.2 28710.2 28716.7 28716.9 28714.7 28710.9 28710.9 28714.2 28719.7 28725.5 28723.1 28718.0 28698.9 28660.1 28636.8 28664.8 28696.2 28815.1 28895.0 28830.4 28671.1 28599.1 28602.3 28623.7 28714.0 28737.3 28740.4 28737.1 28738.6 28718.5 28727.3 28754.8 28748.4 28724.2 28730.8 28741.2 28748.9 28742.8 28716.3 28646.6 28539.1 28522.0 28628.8 28715.2 28844.6 28889.5 28837.0 28701.9 28588.1
28906.1 28998.3 28972.2 29068.1 29016.4 29080.8 29170.5 29034.8 29047.2 28825.0 28792.1 28700.8 28725.2 28692.5 28692.8 28700.2 28690.0 28690.0 28686.4 28691.9 28700.0 28707.0 28714.2 28718.1 28718.1 28720.2 28722.9 28724.4 28722.9 28719.1 28717.7 28718.5 28722.8 28729.7 28734.7 28727.2 28709.8 28671.5 28632.3 28652.4 28713.6 28844.1 28873.4 28873.9 28705.0 28620.4 28615.5 28634.4 28741.8 28764.8 28760.4 28748.4 28738.0 28719.4 28721.6 28735.2 28723.6 28733.6 28745.2 28753.7 28763.1 28762.3 28750.4 28708.9 28615.4 28555.4 28680.0 28767.8 28850.0 28832.3 28803.6 28764.6 28628.0
29001.1 29183.9 29081.3 29140.6 28937.3 28825.0 28903.4 28745.9 28752.8 28663.5 28659.5 28673.3 28700.6 28715.6 28709.6 28714.6 28716.2 28707.1 28702.2 28703.9 28711.3 28715.5 28720.9 28724.0 28724.1 28725.1 28729.8 28731.4 28729.6 28726.6 28723.6 28722.6 28727.6 28736.8 28740.4 28728.5 28721.5 28705.4 28676.8 28668.8 28687.3 28777.2 28871.1 28984.3 28809.4 28703.7 28683.7 28686.1 28739.2 28770.5 28775.7 28778.7 28763.6 28749.2 28746.1 28744.7 28726.0 28736.7 28752.2 28761.7 28767.8 28773.3 28773.4 28749.3 28698.1 28627.6 28645.6 28706.8 28731.4 28757.6 28732.1 28751.8 28729.6
28831.0 28826.6 28728.1 28710.3 28674.3 28598.2 28652.9 28648.0 28663.7 28663.8 28660.1 28680.7 28707.6 28726.0 28727.7 28727.8 28727.5 28716.8 28709.5 28713.5 28715.6 28713.9 28717.9 28720.2 28723.5 28727.1 28732.4 28734.9 28732.7 28728.8 28725.3 28726.1 28729.6 28740.8 28741.6 28729.9 28723.4 28717.4 28707.7 28705.2 28690.9 28702.2 28773.5 28884.3 28798.2 28738.5 28730.1 28704.4 28704.6 28724.4 28710.2 28777.9 28815.4 28787.2 28753.5 28737.4 28735.4 28742.1 28753.6 28759.8 28763.8 28772.1 28772.3 28753.6 28705.0 28639.9 28569.7 28583.5 28674.1 28797.4 28929.6 28843.5 28928.3
28622.1 28556.8 28584.3 28576.5 28601.2 28599.4 28623.4 28673.0 28689.6 28686.8 28684.6 28693.7 28716.7 28735.5 28740.2 28742.1 28741.4 28732.0 28726.3 28725.7 28718.4 28715.6 28718.5 28722.2 28724.1 28727.7 28732.9 28736.2 28734.0 28730.6 28730.4 28732.4 28734.9 28738.4 28738.7 28730.7 28726.6 28722.9 28719.7 28720.9 28721.3 28712.5 28764.1 28857.1 28825.9 28775.4 28767.4 28715.0 28687.3 28617.9 28522.8 28614.3 28792.5 28808.1 28774.9 28755.2 28750.9 28750.5 28755.6 28759.5 28769.2 28777.6 28775.6 28752.4 28720.3 28683.6 28608.7 28575.6 28645.9 28731.7 28926.4 28826.8 28902.7
28628.8 28603.4 28605.0 28602.5 28610.3 28624.4 28648.7 28689.3 28713.8 28712.2 28708.1 28707.3 28720.1 28735.1 28744.3 28749.5 28749.9 28739.9 28735.0 28728.6 28723.1 28722.2 28721.7 28724.2 28725.8 28730.2 28735.1 28737.3 28733.9 28729.5 28732.8 28733.2 28733.0 28734.3 28737.3 28732.7 28729.6 28725.5 28723.6 28718.9 28715.8 28698.5 28718.5 28763.5 28764.0 28742.6 28743.0 28724.8 28710.7 28601.1 28476.5 28460.5 28677.7 28763.7 28777.2 28787.7 28780.6 28768.1 28766.1 28768.3 28778.2 28781.9 28773.0 28745.6 28720.4 28701.8 28665.9 28614.3 28583.4 28470.5 28505.8 28747.3 28906.2
28606.0 28646.0 28649.8 28639.4 28642.2 28652.1 28672.5 28702.7 28725.8 28729.9 28726.5 28720.6 28724.0 28733.8 28745.1 28747.4 28750.8 28738.0 28732.0 28725.8 28725.1 28727.0 28727.2 28728.5 28729.2 28732.8 28738.9 28740.9 28738.7 28726.8 28732.9 28735.7 28735.3 28738.4 28741.2 28739.6 28730.3 28726.2 28728.6 28722.4 28717.1 28699.1 28695.8 28710.7 28725.6 28742.1 28719.8 28715.7 28701.4 28650.5 28604.0 28578.5 28694.6 28755.5 28811.4 28838.6 28826.4 28801.5 28786.1 28780.9 28785.0 28788.7 28781.2 28760.2 28730.0 28710.2 28693.7 28631.8 28556.2 28540.8 28584.6 28908.4 28836.4
28579.0 28616.1 28652.9 28656.9 28668.6 28674.5 28689.7 28713.6 28731.9 28738.0 28734.8 28729.2 28727.0 28731.8 28738.1 28734.6 28740.8 28734.0 28729.8 28726.5 28727.9 28733.8 28736.4 28737.2 28732.7 28732.0 28739.7 28741.9 28739.0 28726.6 28736.9 28742.8 28740.9 28743.2 28742.5 28738.9 28728.0 28728.9 28730.4 28723.8 28722.8 28703.6 28689.4 28695.3 28717.1 28761.0 28703.3 28671.4 28670.1 28666.2 28663.3 28645.8 28670.0 28719.6 28811.9 28864.6 28860.3 28829.8 28808.4 28798.3 28795.9 28799.6 28802.9 28796.4 28774.1 28755.7 28740.1 28659.8 28622.2 28765.2 28834.4 28816.0 28694.7
28587.9 28605.3 28653.6 28674.7 28695.1 28697.5 28701.2 28715.3 28727.8 28734.3 28735.8 28736.2 28734.5 28731.3 28732.1 28732.4 28734.9 28728.3 28728.4 28727.6 28730.8 28737.7 28743.0 28746.9 28738.1 28737.0 28742.3 28745.1 28743.5 28733.3 28731.1 28740.5 28744.8 28743.4 28741.9 28737.6 28733.2 28733.0 28732.2 28728.4 28723.7 28709.5 28698.3 28695.3 28694.6 28692.8 28639.0 28567.2 28610.3 28656.4 28685.6 28674.9 28647.7 28624.2 28669.6 28789.7 28847.8 28851.7 28835.5 28821.3 28817.2 28822.5 28832.5 28829.5 28813.2 28779.6 28753.6 28622.0 28605.0 28831.5 28889.9 28758.3 28739.8
28627.0 28644.2 28685.3 28707.0 28733.0 28722.5 28709.0 28707.7 28718.6 28725.7 28727.1 28735.2 28740.8 28737.5 28735.9 28733.3 28729.4 28725.5 28730.1 28730.6 28733.0 28739.4 28742.9 28745.3 28735.7 28736.4 28743.3 28745.6 28742.7 28732.2 28717.8 28729.0 28738.5 28736.9 28736.9 28738.7 28738.5 28737.1 28736.9 28733.7 28729.2 28715.6 28706.5 28700.8 28694.3 28679.8 28655.3 28608.9 28603.7 28626.5 28667.6 28694.2 28664.7 28592.2 28514.9 28625.0 28757.8 28831.5 28853.6 28853.2 28847.4 28855.7 28874.7 28875.6 28871.5 28871.9 28848.8 28699.0 28716.5 28910.6 28930.4 28833.3 28802.5
28689.9 28704.5 28745.7 28783.6 28799.3 28768.5 28735.6 28712.9 28715.7 28725.3 28720.0 28726.1 28734.5 28737.6 28738.0 28735.3 28729.0 28725.5 28728.0 28726.0 28734.5 28739.8 28744.3 28745.4 28738.4 28737.0 28740.6 28743.2 28745.7 28732.4 28722.5 28725.1 28734.4 28732.6 28734.2 28741.9 28741.5 28738.2 28736.4 28735.4 28732.0 28719.7 28716.6 28713.9 28714.4 28708.8 28700.9 28686.0 28655.3 28632.5 28647.3 28698.4 28705.9 28683.5 28623.0 28634.8 28721.0 28785.8 28836.2 28871.2 28885.2 28903.0 28935.3 28943.7 28944.6 28977.4 28945.1 28804.4 28790.7 28946.1 28953.0 28882.3 28844.2
28714.4 28731.0 28763.5 28832.3 28864.1 28840.9 28785.8 28734.5 28711.8 28724.1 28721.8 28718.7 28725.3 28732.8 28733.8 28735.1 28732.7 28730.5 28732.7 28730.5 28736.9 28739.4 28742.9 28744.2 28738.8 28736.0 28730.8 28727.1 28739.9 28734.7 28729.2 28726.7 28727.2 28726.9 28732.1 28743.2 28741.6 28736.1 28735.1 28737.4 28733.0 28728.7 28725.3 28725.3 28730.3 28731.8 28731.2 28730.9 28719.1 28695.1 28684.3 28702.0 28718.0 28724.2 28704.6 28685.9 28693.7 28729.6 28787.9 28851.3 28910.5 28958.0 28978.7 28984.4 29014.0 29137.6 29124.0 29041.0 28903.2 28936.6 28960.5 28923.9 28911.2
28704.7 28714.5 28710.5 28764.7 28831.0 28887.9 28869.2 28796.5 28713.0 28696.9 28701.4 28700.2 28707.0 28717.6 28720.3 28722.8 28725.2 28727.2 28728.1 28730.0 28741.3 28744.6 28746.4 28746.9 28740.3 28737.1 28731.3 28735.0 28742.3 28734.4 28728.7 28731.6 28725.5 28727.8 28738.3 28750.9 28742.3 28737.4 28733.6 28735.6 28737.0 28739.9 28737.0 28736.2 28742.1 28742.3 28743.1 28749.8 28742.4 28729.1 28705.0 28685.6 28690.0 28728.4 28729.2 28705.1 28667.8 28681.6 28736.1 28818.0 28916.9 28984.1 29009.8 29039.8 29155.5 29328.4 29226.2 28997.1 28827.2 28829.4 28869.8 28914.6 29001.6
28658.8 28696.0 28687.8 28693.9 28740.8 28839.8 28923.1 28903.7 28774.1 28704.2 28688.0 28689.5 28697.2 28706.7 28713.5 28716.5 28718.8 28722.6 28724.5 28731.1 28739.4 28741.4 28743.6 28747.4 28742.3 28739.1 28736.1 28738.6 28741.9 28734.2 28729.0 28734.8 28730.9 28734.5 28745.9 28753.1 28745.3 28742.9 28740.9 28741.0 28743.7 28744.5 28743.4 28745.1 28749.1 28748.1 28746.9 28750.8 28752.5 28743.0 28712.1 28666.2 28635.6 28714.9 28738.4 28729.4 28695.2 28679.2 28701.8 28784.2 28920.8 28977.4 28985.3 29064.7 29233.6 29358.1 29242.3 28898.4 28744.5 28718.7 28730.9 28861.2 29064.9
28577.3 28668.2 28685.8 28682.6 28697.5 28756.7 28854.1 28877.9 28776.3 28721.2 28691.6 28689.4 28696.4 28704.3 28713.4 28716.6 28718.7 28722.5 28725.0 28735.7 28740.0 28739.2 28744.0 28750.0 28741.4 28740.2 28739.1 28741.2 28741.2 28735.1 28731.7 28732.9 28733.3 28740.7 28754.0 28760.7 28752.7 28748.2 28748.6 28747.9 28749.8 28749.0 28751.2 28749.1 28755.2 28754.5 28753.4 28747.7 28752.9 28750.4 28736.1 28708.7 28681.4 28716.6 28739.5 28749.6 28734.7 28709.8 28712.4 28745.0 28860.5 28934.5 28988.3 29121.2 29180.0 29327.0 29217.7 28875.4 28721.9 28676.9 28679.7 28741.8 28871.0
28570.7 28669.4 28709.2 28701.1 28699.4 28728.8 28801.4 28841.8 28787.8 28735.9 28689.4 28686.9 28698.8 28705.4 28712.6 28716.2 28718.6 28720.4 28722.6 28733.1 28738.7 28739.2 28742.3 28746.5 28741.3 28740.9 28741.5 28743.3 28744.7 28743.4 28740.3 28740.4 28738.6 28745.7 28756.8 28765.2 28755.4 28748.4 28749.1 28751.5 28754.7 28752.9 28753.9 28750.7 28757.0 28758.5 28758.8 28753.3 28753.3 28753.1 28747.5 28731.5 28705.3 28697.0 28711.2 28752.4 28757.8 28748.4 28760.7 28757.6 28815.1 28915.9 29031.6 29223.1 29065.7 29227.3 29034.2 28742.6 28678.9 28658.0 28660.0 28670.2 28728.6
28505.3 28611.0 28712.4 28725.0 28705.1 28700.3 28745.0 28790.0 28776.7 28741.9 28700.2 28696.3 28710.0 28714.5 28716.6 28718.7 28722.5 28725.1 28732.0 28738.2 28734.5 28735.5 28746.2 28745.4 28738.6 28738.1 28742.0 28743.2 28746.6 28750.9 28746.5 28741.5 28739.2 28747.7 28762.7 28776.2 28759.3 28750.3 28749.4 28750.9 28753.4 28751.9 28754.4 28753.3 28756.0 28758.1 28757.4 28755.3 28754.6 28757.6 28755.8 28744.8 28717.5 28681.6 28664.1 28725.5 28774.5 28797.7 28819.3 28777.5 28802.2 28890.1 29016.5 29223.9 29270.6 29360.5 28969.6 28737.5 28677.2 28659.6 28650.4 28645.4 28680.0
28498.2 28541.5 28635.1 28682.2 28692.2 28700.3 28718.9 28751.2 28761.5 28751.3 28737.2 28725.8 28723.5 28723.9 28721.5 28722.8 28729.6 28733.6 28738.6 28744.6 28726.6 28730.0 28740.0 28733.9 28735.9 28734.3 28743.6 28746.1 28745.5 28750.7 28752.5 28744.5 28743.6 28749.5 28760.0 28768.7 28760.8 28752.2 28752.8 28752.8 28754.6 28754.1 28757.3 28755.8 28758.7 28757.6 28755.6 28756.8 28759.0 28763.0 28761.4 28760.3 28744.5 28709.1 28679.8 28729.5 28794.9 28843.0 28899.7 28831.1 28849.2 28964.2 29176.9 29187.2 29282.8 29214.7 28852.4 28708.6 28674.4 28666.3 28664.4 28662.1 28678.8
28542.8 28518.6 28572.0 28634.0 28679.1 28700.9 28711.5 28729.4 28748.3 28752.5 28752.7 28743.7 28729.1 28724.3 28720.6 28723.0 28728.0 28734.3 28738.4 28741.0 28726.8 28740.4 28734.8 28721.0 28726.2 28730.9 28735.4 28741.3 28747.1 28751.7 28754.7 28752.2 28751.8 28753.8 28761.7 28766.1 28759.9 28756.0 28756.8 28755.7 28753.2 28754.0 28756.3 28757.0 28758.0 28756.9 28757.6 28760.4 28764.5 28767.7 28769.6 28771.7 28762.4 28744.3 28718.9 28737.2 28789.9 28837.4 28849.1 28849.3 28889.9 29105.6 29503.4 29285.0 29180.6 28918.2 28652.8 28659.3 28676.6 28678.5 28676.7 28676.9 28684.2
28562.4 28483.4 28485.3 28562.7 28651.8 28688.2 28697.6 28702.1 28718.1 28735.6 28747.9 28742.8 28733.2 28726.4 28721.5 28720.9 28722.0 28727.4 28735.4 28746.3 28740.4 28741.1 28736.0 28729.0 28726.1 28734.7 28742.2 28746.4 28752.2 28755.7 28757.0 28757.1 28754.8 28756.1 28765.0 28768.9 28760.9 28757.2 28756.1 28756.6 28753.9 28759.3 28756.4 28757.8 28757.6 28757.5 28760.6 28763.8 28766.1 28770.7 28774.4 28778.5 28771.3 28759.6 28745.7 28736.0 28745.2 28771.4 28806.8 28902.6 28977.0 29112.2 29437.9 29299.0 29122.8 28796.9 28659.0 28693.1 28719.6 28714.6 28699.3 28694.0 28694.9
28613.8 28534.6 28469.2 28488.1 28595.6 28667.9 28689.9 28693.3 28702.1 28719.5 28735.0 28740.7 28739.8 28733.6 28724.6 28719.7 28719.5 28723.7 28723.7 28733.4 28733.6 28735.1 28736.0 28729.0 28724.7 28732.1 28740.8 28746.2 28749.1 28751.3 28755.7 28758.8 28757.8 28758.5 28763.3 28761.8 28758.6 28755.1 28753.2 28760.4 28770.7 28791.8 28761.3 28758.1 28758.2 28758.8 28763.5 28770.0 28767.1 28776.1 28778.0 28786.9 28784.9 28792.3 28813.2 28811.6 28731.7 28723.2 28770.3 28897.6 29011.3 29056.3 29286.0 29093.6 28837.3 28691.2 28672.6 28708.7 28751.4 28755.9 28732.7 28715.0 28709.3
28667.1 28634.8 28577.7 28549.3 28593.7 28661.9 28696.9 28697.5 28705.2 28715.4 28729.8 28744.8 28747.7 28743.3 28732.6 28721.5 28720.6 28729.1 28727.2 28729.6 28730.3 28738.0 28741.4 28730.9 28723.1 28729.2 28738.1 28740.2 28742.4 28749.4 28758.0 28763.5 28764.6 28768.2 28766.2 28756.9 28756.7 28757.1 28757.5 28758.3 28759.0 28766.2 28759.3 28758.1 28760.1 28762.4 28763.9 28769.5 28772.4 28784.8 28781.5 28792.3 28816.5 28850.2 28910.2 28848.7 28743.4 28709.2 28703.5 28794.9 28877.6 28878.3 28954.6 28865.0 28687.1 28671.0 28694.1 28729.7 28778.3 28783.7 28752.3 28728.0 28720.2
28682.2 28675.6 28638.4 28585.6 28538.0 28594.8 28695.3 28713.6 28713.0 28717.0 28730.2 28746.4 28753.4 28746.7 28732.9 28717.3 28713.9 28728.2 28733.9 28732.0 28730.8 28737.9 28740.9 28732.4 28728.2 28729.3 28736.2 28736.8 28744.0 28752.7 28760.7 28766.0 28769.6 28777.2 28767.6 28758.0 28759.3 28761.7 28761.1 28760.7 28759.0 28758.7 28759.0 28758.9 28761.2 28766.2 28765.0 28766.8 28769.4 28784.8 28800.4 28825.9 28894.0 28969.2 29027.8 28851.3 28795.0 28772.1 28749.1 28801.2 28860.5 28910.3 28922.1 28812.1 28687.3 28689.0 28726.4 28746.9 28785.2 28798.7 28763.5 28739.9 28729.9
28684.5 28691.9 28658.9 28572.3 28434.1 28417.2 28618.5 28702.5 28715.6 28720.8 28728.0 28739.2 28746.2 28743.4 28731.3 28716.2 28708.4 28718.9 28731.8 28735.0 28738.2 28743.1 28748.3 28739.0 28731.3 28730.1 28732.6 28738.4 28746.1 28755.3 28761.5 28766.6 28773.4 28771.0 28767.1 28761.3 28764.0 28764.8 28763.4 28763.1 28762.3 28761.1 28760.4 28761.5 28761.0 28763.4 28765.0 28768.3 28772.1 28789.8 28826.9 28912.0 29014.7 29076.6 28960.3 28843.1 28862.8 28846.4 28780.2 28798.7 28843.0 28881.8 28808.0 28765.0 28714.4 28703.0 28719.6 28730.1 28748.8 28768.4 28758.8 28746.4 28734.3
28668.3 28679.9 28681.6 28652.4 28574.1 28563.4 28676.2 28716.3 28718.0 28722.8 28723.7 28729.3 28735.6 28737.3 28731.4 28718.7 28709.7 28718.4 28730.8 28733.6 28736.8 28739.2 28741.9 28736.7 28730.5 28730.6 28735.5 28742.1 28746.7 28755.0 28760.3 28765.4 28770.5 28759.8 28764.1 28766.4 28770.7 28769.9 28767.4 28765.4 28763.4 28762.1 28761.1 28764.4 28763.3 28763.7 28768.6 28775.3 28781.7 28803.9 28861.7 28938.4 28962.7 28972.0 28827.7 28871.3 28917.8 28919.3 28811.3 28790.5 28783.1 28763.8 28727.8 28746.6 28755.9 28727.8 28719.7 28722.5 28737.7 28754.7 28762.1 28766.6 28746.5
28670.1 28672.5 28682.4 28680.6 28653.5 28628.5 28650.6 28703.9 28724.2 28725.1 28718.0 28717.1 28722.6 28730.0 28733.3 28722.8 28708.3 28708.5 28715.8 28721.3 28724.6 28733.1 28736.4 28733.7 28733.8 28736.5 28741.5 28742.9 28744.6 28751.7 28757.6 28764.2 28762.8 28759.9 28764.8 28766.5 28769.7 28771.2 28771.0 28767.0 28764.2 28762.6 28762.5 28765.5 28768.0 28770.6 28778.9 28781.9 28806.3 28834.9 28915.0 28911.4 28882.0 28882.4 28880.5 28867.8 28834.4 28849.2 28809.5 28777.1 28734.5 28697.6 28686.8 28713.4 28732.9 28715.9 28712.9 28722.3 28742.9 28762.2 28779.4 28809.1 28783.1
28677.0 28671.0 28677.3 28680.8 28664.0 28625.7 28581.5 28651.6 28704.3 28722.6 28722.3 28716.6 28715.2 28722.5 28729.4 28727.2 28712.4 28705.1 28704.6 28709.8 28717.1 28730.1 28733.6 28732.1 28737.7 28745.5 28743.4 28742.6 28744.0 28747.9 28753.2 28761.8 28760.0 28760.2 28765.1 28766.1 28767.9 28769.7 28770.5 28765.3 28762.5 28762.5 28762.7 28764.5 28769.0 28778.0 28793.9 28802.3 28841.2 28859.3 28878.1 28856.3 28838.2 28857.4 28890.6 28856.2 28803.9 28799.2 28781.4 28742.6 28703.7 28682.0 28675.3 28690.0 28703.7 28692.3 28703.5 28725.6 28748.5 28771.8 28801.0 28814.9 28796.9
28683.9 28670.8 28669.1 28674.2 28664.0 28630.0 28598.8 28650.7 28703.5 28721.3 28724.8 28724.1 28722.5 28722.3 28723.7 28722.9 28713.6 28707.6 28708.1 28709.9 28713.5 28722.6 28726.7 28726.0 28733.2 28744.5 28742.6 28743.4 28744.6 28746.8 28753.3 28759.3 28760.1 28761.6 28763.9 28764.3 28765.8 28767.2 28762.5 28762.9 28762.6 28764.7 28765.7 28768.8 28775.7 28796.5 28806.1 28813.1 28844.3 28872.5 28835.7 28795.9 28806.6 28838.0 28893.6 28853.7 28784.8 28783.4 28757.7 28727.7 28705.0 28686.2 28676.6 28679.6 28677.1 28659.1 28683.3 28719.7 28748.6 28773.7 28801.1 28817.4 28827.7
28692.9 28681.3 28672.3 28673.3 28663.5 28632.6 28597.4 28639.4 28691.2 28714.5 28723.2 28727.9 28729.7 28726.7 28723.7 28720.8 28717.3 28716.2 28718.5 28719.0 28719.0 28719.0 28715.2 28705.3 28717.1 28738.4 28750.2 28750.8 28747.6 28747.7 28751.8 28754.5 28761.1 28762.8 28763.1 28763.7 28766.4 28769.4 28764.1 28761.4 28762.2 28766.2 28772.8 28781.2 28801.5 28815.9 28800.3 28824.4 28839.0 28833.9 28798.3 28781.2 28809.3 28835.1 28900.0 28881.0 28820.5 28794.3 28757.3 28730.7 28714.5 28700.1 28689.7 28685.3 28671.2 28655.8 28669.4 28708.7 28742.5 28763.8 28785.3 28810.8 28857.6
28686.2 28682.3 28672.7 28678.3 28674.2 28651.3 28610.5 28639.6 28689.9 28715.0 28724.8 28731.6 28735.5 28732.5 28725.9 28719.9 28718.3 28719.8 28720.1 28724.0 28726.9 28723.4 28708.5 28679.3 28686.8 28728.7 28760.5 28772.9 28764.6 28753.3 28748.1 28753.6 28764.7 28763.3 28761.5 28763.8 28771.2 28774.8 28768.9 28765.3 28766.6 28772.3 28786.5 28797.6 28812.2 28793.5 28808.7 28839.5 28822.6 28794.0 28762.4 28765.8 28781.4 28791.4 28860.4 28868.4 28827.5 28793.0 28758.6 28735.1 28720.2 28707.7 28700.5 28693.4 28675.6 28651.3 28638.0 28668.4 28721.7 28751.6 28771.0 28788.4 28858.7
