pygmi/test/mag.asc
ncols 			232
nrows 			481
xllcorner 			-20187.5000000001
yllcorner 			-2823315.0
cellsize 			125.0
nodata_value 		1e+20
[rows 128 to 159 of 481, columns 146 to 218 of 232]
28872.9 28902.5 28905.5 28870.8 28866.9 28846.7 28837.1 28834.2 28834.4 28839.2 28853.9 28877.9 28908.6 28940.1 28970.7 28954.9 28953.4 28938.8 28897.2 28835.1 28865.0 28869.2 28872.2 28865.9 28877.9 28872.5 28866.6 28857.2 28855.7 28858.1 28867.6 28868.8 28862.8 28843.0 28803.9 28748.7 28701.7 28744.7 28796.7 28853.5 28876.6 28873.3 28860.8 28824.4 28747.8 28645.5 28655.7 28767.6 28820.0 28828.2 28820.8 28806.2 28795.7 28787.1 28813.9 28808.2 28778.7 28736.9 28713.7 28678.1 28578.5 28579.9 28710.9 28808.6 28849.1 28835.3 28804.7 28780.7 28767.7 28764.9 1e+20 1e+20 1e+20
28883.2 28916.5 28914.1 28880.1 28893.1 28870.5 28846.3 28843.2 28839.2 28844.8 28858.5 28883.6 28917.1 28955.6 29004.4 28978.8 28942.2 28922.3 28896.2 28855.8 28854.8 28869.8 28888.4 28889.8 28886.8 28878.0 28869.8 28848.2 28842.3 28857.2 28867.7 28872.7 28875.8 28866.7 28838.1 28788.0 28701.2 28659.7 28685.3 28755.0 28840.4 28868.9 28883.1 28857.8 28773.6 28639.3 28550.8 28655.9 28747.5 28799.0 28815.3 28811.1 28780.6 28749.4 28786.2 28814.5 28808.2 28783.5 28761.5 28726.6 28670.8 28640.6 28667.2 28713.6 28803.7 28819.2 28808.4 28791.8 28778.3 1e+20 1e+20 1e+20 1e+20
28884.3 28913.5 28908.8 28868.1 28940.6 28885.4 28846.8 28836.2 28838.4 28845.2 28859.8 28885.2 28917.6 28961.4 29008.8 28977.7 28920.7 28894.7 28882.0 28851.3 28838.2 28854.2 28874.5 28882.1 28876.9 28871.7 28867.1 28844.1 28839.2 28854.7 28864.6 28871.7 28875.0 28883.3 28869.9 28854.7 28806.9 28722.4 28646.3 28645.9 28739.4 28818.8 28868.2 28864.8 28833.8 28771.3 28673.7 28665.6 28705.4 28747.1 28792.5 28824.0 28800.6 28755.4 28766.2 28796.5 28808.8 28800.5 28790.4 28778.0 28751.4 28707.8 28664.6 28606.6 28720.7 1e+20 1e+20 1e+20 1e+20 1e+20 1e+20 1e+20 1e+20
28894.1 28921.0 28918.6 28910.7 29044.0 28907.3 28849.2 28829.1 28835.0 28844.0 28859.1 28884.9 28911.6 28938.9 28959.3 28924.9 28879.4 28856.2 28846.8 28826.3 28803.4 28822.0 28843.4 28860.5 28866.0 28865.6 28865.2 28850.9 28837.2 28843.4 28863.2 28869.0 28865.3 28864.5 28861.6 28862.2 28857.9 28839.1 28781.9 28727.2 28728.0 28776.8 28827.2 28844.2 28837.6 28805.2 28753.5 28695.8 28702.9 28708.3 28757.8 28810.5 28832.0 28803.9 28794.1 28800.3 28809.1 28815.8 28820.7 28829.4 28798.3 28750.3 28695.9 28661.7 28725.3 1e+20 1e+20 1e+20 1e+20 1e+20 1e+20 1e+20 1e+20
28907.7 28922.5 28912.1 28865.5 28951.8 28912.8 28859.3 28830.8 28836.5 28846.8 28862.7 28883.7 28900.7 28912.5 28912.9 28867.3 28836.4 28827.9 28825.6 28813.5 28786.8 28799.4 28799.3 28826.0 28847.5 28860.2 28866.5 28861.0 28854.9 28853.4 28868.2 28866.8 28856.9 28854.5 28855.6 28854.2 28861.8 28869.5 28854.9 28825.2 28800.0 28798.0 28811.9 28830.6 28822.4 28804.6 28787.8 28744.4 28726.9 28735.6 28773.8 28816.2 28862.3 28860.2 28830.2 28817.8 28823.0 28828.4 28836.5 28841.3 28815.5 28773.1 28733.5 28716.0 1e+20 1e+20 1e+20 1e+20 1e+20 1e+20 1e+20 1e+20 1e+20
28947.6 28947.6 28926.0 28863.8 28916.9 28942.3 28895.0 28845.0 28841.9 28849.6 28858.4 28871.3 28882.7 28883.8 28869.4 28841.2 28822.2 28825.8 28830.6 28830.1 28821.9 28808.6 28781.4 28799.3 28809.2 28841.5 28860.7 28859.9 28855.8 28848.3 28851.4 28855.6 28848.6 28853.0 28856.4 28852.8 28856.5 28858.8 28852.6 28852.6 28842.9 28817.7 28791.5 28817.8 28825.0 28816.7 28814.0 28790.0 28756.8 28739.2 28781.7 28848.3 28923.7 28901.0 28836.1 28812.4 28814.5 28823.3 28832.5 28834.8 28818.4 28790.3 28764.6 28755.5 1e+20 1e+20 1e+20 1e+20 1e+20 1e+20 1e+20 1e+20 1e+20
28983.8 28983.6 28958.2 28909.3 28917.0 28911.4 28883.7 28830.4 28814.7 28828.8 28837.6 28845.3 28855.0 28849.2 28840.3 28831.7 28828.5 28834.0 28841.0 28840.7 28842.5 28846.3 28828.5 28811.9 28779.1 28819.0 28844.0 28848.6 28848.5 28837.6 28833.3 28844.4 28854.2 28858.6 28858.9 28855.4 28852.6 28850.4 28854.5 28859.1 28850.3 28816.9 28755.6 28805.2 28823.6 28817.9 28817.9 28803.2 28779.0 28752.9 28771.4 28816.8 28850.1 28814.4 28775.2 28778.1 28791.9 28807.0 28818.8 28822.9 28815.3 28800.4 28787.2 28782.5 1e+20 1e+20 1e+20 1e+20 1e+20 1e+20 1e+20 1e+20 1e+20
29016.6 29000.6 28978.4 28948.9 28954.9 28856.8 28763.2 28729.0 28720.7 28750.9 28783.7 28793.9 28811.1 28819.3 28824.3 28829.4 28835.6 28842.5 28844.4 28838.4 28837.3 28853.4 28859.0 28848.5 28812.5 28810.0 28824.9 28842.0 28849.0 28841.9 28841.5 28847.2 28856.1 28859.6 28860.7 28861.3 28851.7 28847.3 28851.2 28861.8 28855.5 28829.7 28797.7 28825.5 28836.0 28828.0 28819.6 28801.2 28773.0 28742.9 28746.6 28775.1 28790.6 28772.8 28754.5 28759.4 28774.3 28790.7 28803.6 28810.0 28808.7 28802.2 28795.7 28792.0 1e+20 1e+20 1e+20 1e+20 1e+20 1e+20 1e+20 1e+20 1e+20
28977.3 28982.4 28962.7 28914.4 28878.1 28763.0 28613.5 28594.5 28629.7 28671.6 28713.6 28751.2 28781.7 28805.6 28818.9 28831.2 28839.8 28845.3 28846.7 28839.3 28837.0 28849.7 28854.7 28851.3 28823.0 28780.1 28816.2 28842.9 28849.1 28845.9 28852.9 28850.6 28855.8 28859.4 28857.2 28851.7 28842.1 28843.5 28852.4 28867.8 28857.1 28832.4 28815.2 28824.4 28830.0 28826.4 28818.0 28798.6 28772.4 28748.2 28743.4 28753.8 28759.8 28752.9 28746.3 28751.4 28764.0 28778.5 28790.6 28798.2 28800.4 28798.8 28796.0 28793.6 1e+20 1e+20 1e+20 1e+20 1e+20 1e+20 1e+20 1e+20 1e+20
29010.8 29012.0 28974.4 28924.6 28882.0 28814.9 28631.5 28578.7 28611.4 28656.4 28699.5 28748.0 28784.4 28807.2 28823.4 28835.2 28841.9 28843.8 28839.8 28832.9 28829.7 28844.1 28848.4 28846.4 28817.8 28756.1 28819.9 28854.0 28855.0 28843.1 28854.4 28850.8 28852.5 28851.6 28848.3 28844.5 28842.7 28846.5 28854.5 28873.2 28860.5 28828.2 28814.2 28814.9 28818.1 28818.1 28813.2 28796.1 28774.6 28755.8 28747.4 28748.0 28748.7 28745.9 1e+20 1e+20 1e+20 1e+20 1e+20 1e+20 1e+20 1e+20 1e+20 1e+20 1e+20 1e+20 1e+20 1e+20 1e+20 1e+20 1e+20 1e+20 1e+20
29071.7 29057.1 28971.3 28895.6 28816.4 28742.8 28620.6 28617.9 28652.6 28689.3 28734.6 28773.3 28805.0 28822.7 28835.2 28843.1 28844.9 28842.9 28836.8 28831.8 28827.0 28833.4 28838.7 28837.3 28818.6 28750.9 28779.4 28842.2 28852.8 28847.3 28858.3 28854.9 28850.5 28843.3 28843.0 28841.4 28842.9 28848.8 28861.3 28883.7 28862.9 28828.3 28806.3 28800.3 28801.7 28803.4 28800.9 28790.4 28775.8 28762.3 1e+20 1e+20 1e+20 1e+20 1e+20 1e+20 1e+20 1e+20 1e+20 1e+20 1e+20 1e+20 1e+20 1e+20 1e+20 1e+20 1e+20 1e+20 1e+20 1e+20 1e+20 1e+20 1e+20
29017.0 29005.6 28919.9 28865.4 28804.7 28746.5 28697.8 28708.1 28735.5 28749.0 28772.7 28802.9 28829.3 28853.6 28854.9 28854.1 28850.8 28845.1 28836.3 28827.3 28816.8 28810.8 28818.8 28819.7 28814.2 28794.1 28814.4 28842.2 28852.8 28844.8 28858.5 28860.2 28851.6 28840.7 28835.1 28828.4 28826.4 28834.5 28853.6 28864.3 28845.5 28810.9 28786.1 28780.1 28782.9 28787.2 28788.2 28784.0 28776.0 28767.5 1e+20 1e+20 1e+20 1e+20 1e+20 1e+20 1e+20 1e+20 1e+20 1e+20 1e+20 1e+20 1e+20 1e+20 1e+20 1e+20 1e+20 1e+20 1e+20 1e+20 1e+20 1e+20 1e+20
28928.5 28933.3 28885.8 28863.2 28858.1 28823.2 28798.3 28816.8 28811.2 28797.5 28796.2 28823.7 28859.9 28900.6 28879.7 28863.6 28855.5 28848.7 28836.1 28824.4 28811.3 28799.8 28805.7 28808.4 28818.8 28809.9 28794.9 28824.4 28855.7 28860.8 28861.3 28855.9 28845.3 28833.0 28817.5 28793.3 28777.4 28799.0 28822.7 28828.6 28808.3 28772.1 28757.0 28759.0 28766.0 28773.3 1e+20 1e+20 1e+20 1e+20 1e+20 1e+20 1e+20 1e+20 1e+20 1e+20 1e+20 1e+20 1e+20 1e+20 1e+20 1e+20 1e+20 1e+20 1e+20 1e+20 1e+20 1e+20 1e+20 1e+20 1e+20 1e+20 1e+20
28855.6 28848.0 28846.0 28874.6 28893.6 28896.4 28887.0 28882.0 28865.0 28841.0 28824.2 28842.5 28879.4 28893.0 28873.0 28864.2 28856.8 28850.3 28835.8 28827.6 28818.0 28809.5 28800.7 28797.6 28817.4 28792.5 28740.5 28790.2 28843.1 28864.1 28858.6 28848.7 28834.3 28820.6 28778.6 28758.7 28732.2 28776.5 28803.4 28806.7 28789.5 28763.8 28750.6 28750.6 28756.7 1e+20 1e+20 1e+20 1e+20 1e+20 1e+20 1e+20 1e+20 1e+20 1e+20 1e+20 1e+20 1e+20 1e+20 1e+20 1e+20 1e+20 1e+20 1e+20 1e+20 1e+20 1e+20 1e+20 1e+20 1e+20 1e+20 1e+20 1e+20
28792.0 28798.7 28838.7 28890.8 28943.8 28941.6 28923.7 28911.1 28886.2 28856.2 28830.6 28841.5 28859.2 28862.6 28861.7 28854.0 28838.8 28832.2 28819.5 28824.0 28826.4 28818.8 28814.6 28817.3 28830.3 28823.8 28791.0 28802.3 28826.8 28838.8 28834.7 28834.5 28823.7 28805.7 28750.2 28772.7 28779.0 28807.8 28812.2 28804.2 28786.6 28766.4 28753.8 28750.7 28753.9 1e+20 1e+20 1e+20 1e+20 1e+20 1e+20 1e+20 1e+20 1e+20 1e+20 1e+20 1e+20 1e+20 1e+20 1e+20 1e+20 1e+20 1e+20 1e+20 1e+20 1e+20 1e+20 1e+20 1e+20 1e+20 1e+20 1e+20 1e+20
28800.7 28813.4 28853.4 28914.9 28935.3 28918.7 28936.5 28916.3 28884.4 28852.3 28843.0 28838.4 28833.1 28853.5 28860.5 28848.2 28829.4 28821.1 28807.1 28812.0 28825.5 28813.1 28816.3 28823.1 28827.1 28831.6 28821.5 28795.0 28770.9 28781.3 28788.6 28800.5 28805.2 28802.0 28792.1 28822.3 28821.9 28826.9 28821.3 28808.2 28790.5 1e+20 1e+20 1e+20 1e+20 1e+20 1e+20 1e+20 1e+20 1e+20 1e+20 1e+20 1e+20 1e+20 1e+20 1e+20 1e+20 1e+20 1e+20 1e+20 1e+20 1e+20 1e+20 1e+20 1e+20 1e+20 1e+20 1e+20 1e+20 1e+20 1e+20 1e+20 1e+20
28836.9 28844.3 28863.2 28902.9 28913.2 28899.8 28932.8 28897.4 28861.5 28851.8 28854.2 28833.6 28827.4 28849.5 28845.1 28826.2 28807.3 28799.1 28780.8 28772.0 28792.4 28794.7 28800.1 28804.6 28810.3 28815.7 28814.2 28778.3 28701.9 28699.1 28736.1 28768.1 28788.9 28801.3 28811.5 28832.0 28836.3 28834.9 28826.3 28812.2 28795.7 1e+20 1e+20 1e+20 1e+20 1e+20 1e+20 1e+20 1e+20 1e+20 1e+20 1e+20 1e+20 1e+20 1e+20 1e+20 1e+20 1e+20 1e+20 1e+20 1e+20 1e+20 1e+20 1e+20 1e+20 1e+20 1e+20 1e+20 1e+20 1e+20 1e+20 1e+20 1e+20
28886.9 28855.4 28842.7 28870.6 28865.7 28868.7 28916.9 28895.6 28865.4 28861.1 28836.5 28818.0 28806.2 28808.4 28815.1 28805.9 28787.6 28777.7 28761.5 28755.2 28772.8 28777.9 28782.7 28788.9 28794.9 28802.8 28812.9 28795.2 28733.5 28714.4 28734.2 28761.1 28784.0 28801.6 28816.8 28831.6 28837.1 28835.3 28827.2 1e+20 1e+20 1e+20 1e+20 1e+20 1e+20 1e+20 1e+20 1e+20 1e+20 1e+20 1e+20 1e+20 1e+20 1e+20 1e+20 1e+20 1e+20 1e+20 1e+20 1e+20 1e+20 1e+20 1e+20 1e+20 1e+20 1e+20 1e+20 1e+20 1e+20 1e+20 1e+20 1e+20 1e+20
28857.0 28827.3 28818.4 28824.8 28822.3 28843.1 28866.4 28892.6 28893.4 28860.1 28809.8 28788.2 28769.5 28762.5 28778.8 28789.1 28769.4 28765.1 28744.0 28735.6 28749.4 28756.6 28762.9 28772.5 28778.5 28777.9 28795.4 28796.5 28764.2 28749.5 28757.0 28772.1 28788.6 1e+20 1e+20 1e+20 1e+20 1e+20 1e+20 1e+20 1e+20 1e+20 1e+20 1e+20 1e+20 1e+20 1e+20 1e+20 1e+20 1e+20 1e+20 1e+20 1e+20 1e+20 1e+20 1e+20 1e+20 1e+20 1e+20 1e+20 1e+20 1e+20 1e+20 1e+20 1e+20 1e+20 1e+20 1e+20 1e+20 1e+20 1e+20 1e+20 1e+20
28767.2 28794.0 28818.1 28841.1 28849.0 28849.7 28842.0 28910.9 28921.0 28874.1 28832.0 28802.1 28767.7 28779.4 28816.0 28818.4 28764.8 28745.0 28728.1 28731.0 28732.0 28740.8 28742.6 28744.5 28751.4 28742.5 28747.1 28764.9 28772.4 28785.2 28782.2 28786.3 28795.5 1e+20 1e+20 1e+20 1e+20 1e+20 1e+20 1e+20 1e+20 1e+20 1e+20 1e+20 1e+20 1e+20 1e+20 1e+20 1e+20 1e+20 1e+20 1e+20 1e+20 1e+20 1e+20 1e+20 1e+20 1e+20 1e+20 1e+20 1e+20 1e+20 1e+20 1e+20 1e+20 1e+20 1e+20 1e+20 1e+20 1e+20 1e+20 1e+20 1e+20
28785.7 28829.5 28870.2 28897.0 28892.8 28854.8 28859.6 28958.1 28987.4 28938.1 28896.6 28862.0 28806.1 28831.4 28881.1 28812.2 28746.9 28744.1 28740.1 28737.2 28703.8 28709.2 28711.6 28703.7 28674.0 28658.6 28684.6 28719.4 28748.1 28771.3 28780.7 28788.6 28797.4 1e+20 1e+20 1e+20 1e+20 1e+20 1e+20 1e+20 1e+20 1e+20 1e+20 1e+20 1e+20 1e+20 1e+20 1e+20 1e+20 1e+20 1e+20 1e+20 1e+20 1e+20 1e+20 1e+20 1e+20 1e+20 1e+20 1e+20 1e+20 1e+20 1e+20 1e+20 1e+20 1e+20 1e+20 1e+20 1e+20 1e+20 1e+20 1e+20 1e+20
28780.1 28826.9 28936.0 28943.9 28900.2 28861.1 28808.7 28858.7 28898.3 28905.9 28873.4 28831.7 28778.9 28807.4 28837.4 28805.2 28790.2 28758.9 28749.5 28726.5 28698.2 28689.5 28681.7 28662.0 28607.3 28608.9 28639.4 28678.5 1e+20 1e+20 1e+20 1e+20 1e+20 1e+20 1e+20 1e+20 1e+20 1e+20 1e+20 1e+20 1e+20 1e+20 1e+20 1e+20 1e+20 1e+20 1e+20 1e+20 1e+20 1e+20 1e+20 1e+20 1e+20 1e+20 1e+20 1e+20 1e+20 1e+20 1e+20 1e+20 1e+20 1e+20 1e+20 1e+20 1e+20 1e+20 1e+20 1e+20 1e+20 1e+20 1e+20 1e+20 1e+20
28795.7 28816.0 28907.0 28929.1 28956.8 28919.5 28835.6 28797.6 28785.8 28820.2 28847.2 28838.1 28810.3 28808.8 28811.1 28786.3 28760.0 28739.8 28728.7 28710.3 28691.1 28675.2 28658.2 28632.9 28597.1 28594.6 28616.4 28649.5 1e+20 1e+20 1e+20 1e+20 1e+20 1e+20 1e+20 1e+20 1e+20 1e+20 1e+20 1e+20 1e+20 1e+20 1e+20 1e+20 1e+20 1e+20 1e+20 1e+20 1e+20 1e+20 1e+20 1e+20 1e+20 1e+20 1e+20 1e+20 1e+20 1e+20 1e+20 1e+20 1e+20 1e+20 1e+20 1e+20 1e+20 1e+20 1e+20 1e+20 1e+20 1e+20 1e+20 1e+20 1e+20
28814.0 28817.2 28830.7 28830.5 28874.2 28885.9 28850.1 28823.7 28787.8 28816.2 28923.8 28907.0 28869.3 28845.5 28827.7 28777.6 28725.5 28714.2 28707.8 28696.3 28681.6 28665.4 28646.4 28623.3 28599.8 28594.5 28606.7 28630.1 1e+20 1e+20 1e+20 1e+20 1e+20 1e+20 1e+20 1e+20 1e+20 1e+20 1e+20 1e+20 1e+20 1e+20 1e+20 1e+20 1e+20 1e+20 1e+20 1e+20 1e+20 1e+20 1e+20 1e+20 1e+20 1e+20 1e+20 1e+20 1e+20 1e+20 1e+20 1e+20 1e+20 1e+20 1e+20 1e+20 1e+20 1e+20 1e+20 1e+20 1e+20 1e+20 1e+20 1e+20 1e+20
28812.4 28814.2 28819.9 28808.9 28815.8 28821.0 28832.4 28846.9 28849.7 28896.0 28994.0 28954.4 28907.7 28869.1 28832.6 28782.3 28735.1 28713.5 28701.7 28690.4 28677.2 28662.2 28644.5 28625.1 1e+20 1e+20 1e+20 1e+20 1e+20 1e+20 1e+20 1e+20 1e+20 1e+20 1e+20 1e+20 1e+20 1e+20 1e+20 1e+20 1e+20 1e+20 1e+20 1e+20 1e+20 1e+20 1e+20 1e+20 1e+20 1e+20 1e+20 1e+20 1e+20 1e+20 1e+20 1e+20 1e+20 1e+20 1e+20 1e+20 1e+20 1e+20 1e+20 1e+20 1e+20 1e+20 1e+20 1e+20 1e+20 1e+20 1e+20 1e+20 1e+20
28792.9 28814.9 28820.4 28814.3 28815.6 28815.9 28821.9 28840.8 28864.6 28892.6 28934.8 28932.4 28906.5 28873.2 28835.5 28791.5 28750.7 28723.9 28706.4 28692.5 1e+20 1e+20 1e+20 1e+20 1e+20 1e+20 1e+20 1e+20 1e+20 1e+20 1e+20 1e+20 1e+20 1e+20 1e+20 1e+20 1e+20 1e+20 1e+20 1e+20 1e+20 1e+20 1e+20 1e+20 1e+20 1e+20 1e+20 1e+20 1e+20 1e+20 1e+20 1e+20 1e+20 1e+20 1e+20 1e+20 1e+20 1e+20 1e+20 1e+20 1e+20 1e+20 1e+20 1e+20 1e+20 1e+20 1e+20 1e+20 1e+20 1e+20 1e+20 1e+20 1e+20
28783.7 28808.2 28818.9 28819.9 28826.6 28839.9 28838.0 28837.3 28836.4 28856.1 28885.1 28896.1 28887.7 28866.3 28836.1 1e+20 1e+20 1e+20 1e+20 1e+20 1e+20 1e+20 1e+20 1e+20 1e+20 1e+20 1e+20 1e+20 1e+20 1e+20 1e+20 1e+20 1e+20 1e+20 1e+20 1e+20 1e+20 1e+20 1e+20 1e+20 1e+20 1e+20 1e+20 1e+20 1e+20 1e+20 1e+20 1e+20 1e+20 1e+20 1e+20 1e+20 1e+20 1e+20 1e+20 1e+20 1e+20 1e+20 1e+20 1e+20 1e+20 1e+20 1e+20 1e+20 1e+20 1e+20 1e+20 1e+20 1e+20 1e+20 1e+20 1e+20 1e+20
28775.7 28797.0 28809.5 28809.7 28813.6 28827.8 28843.6 28846.5 28826.7 28824.2 28847.3 28864.4 28867.4 28857.2 1e+20 1e+20 1e+20 1e+20 1e+20 1e+20 1e+20 1e+20 1e+20 1e+20 1e+20 1e+20 1e+20 1e+20 1e+20 1e+20 1e+20 1e+20 1e+20 1e+20 1e+20 1e+20 1e+20 1e+20 1e+20 1e+20 1e+20 1e+20 1e+20 1e+20 1e+20 1e+20 1e+20 1e+20 1e+20 1e+20 1e+20 1e+20 1e+20 1e+20 1e+20 1e+20 1e+20 1e+20 1e+20 1e+20 1e+20 1e+20 1e+20 1e+20 1e+20 1e+20 1e+20 1e+20 1e+20 1e+20 1e+20 1e+20 1e+20
28764.9 28777.5 28798.9 28805.0 28807.4 28804.2 28824.1 28840.8 28816.9 28813.0 28828.3 28844.9 28853.7 1e+20 1e+20 1e+20 1e+20 1e+20 1e+20 1e+20 1e+20 1e+20 1e+20 1e+20 1e+20 1e+20 1e+20 1e+20 1e+20 1e+20 1e+20 1e+20 1e+20 1e+20 1e+20 1e+20 1e+20 1e+20 1e+20 1e+20 1e+20 1e+20 1e+20 1e+20 1e+20 1e+20 1e+20 1e+20 1e+20 1e+20 1e+20 1e+20 1e+20 1e+20 1e+20 1e+20 1e+20 1e+20 1e+20 1e+20 1e+20 1e+20 1e+20 1e+20 1e+20 1e+20 1e+20 1e+20 1e+20 1e+20 1e+20 1e+20 1e+20
28759.9 28754.2 28774.9 28789.1 28793.3 28791.7 28799.5 28813.9 28808.7 28809.4 1e+20 1e+20 1e+20 1e+20 1e+20 1e+20 1e+20 1e+20 1e+20 1e+20 1e+20 1e+20 1e+20 1e+20 1e+20 1e+20 1e+20 1e+20 1e+20 1e+20 1e+20 1e+20 1e+20 1e+20 1e+20 1e+20 1e+20 1e+20 1e+20 1e+20 1e+20 1e+20 1e+20 1e+20 1e+20 1e+20 1e+20 1e+20 1e+20 1e+20 1e+20 1e+20 1e+20 1e+20 1e+20 1e+20 1e+20 1e+20 1e+20 1e+20 1e+20 1e+20 1e+20 1e+20 1e+20 1e+20 1e+20 1e+20 1e+20 1e+20 1e+20 1e+20 1e+20
28783.0 28760.7 28769.3 28782.4 28786.3 28786.9 28791.4 28799.8 28802.1 1e+20 1e+20 1e+20 1e+20 1e+20 1e+20 1e+20 1e+20 1e+20 1e+20 1e+20 1e+20 1e+20 1e+20 1e+20 1e+20 1e+20 1e+20 1e+20 1e+20 1e+20 1e+20 1e+20 1e+20 1e+20 1e+20 1e+20 1e+20 1e+20 1e+20 1e+20 1e+20 1e+20 1e+20 1e+20 1e+20 1e+20 1e+20 1e+20 1e+20 1e+20 1e+20 1e+20 1e+20 1e+20 1e+20 1e+20 1e+20 1e+20 1e+20 1e+20 1e+20 1e+20 1e+20 1e+20 1e+20 1e+20 1e+20 1e+20 1e+20 1e+20 1e+20 1e+20 1e+20
28798.0 28782.1 28779.9 28784.0 28785.9 28786.7 28789.6 28794.6 1e+20 1e+20 1e+20 1e+20 1e+20 1e+20 1e+20 1e+20 1e+20 1e+20 1e+20 1e+20 1e+20 1e+20 1e+20 1e+20 1e+20 1e+20 1e+20 1e+20 1e+20 1e+20 1e+20 1e+20 1e+20 1e+20 1e+20 1e+20 1e+20 1e+20 1e+20 1e+20 1e+20 1e+20 1e+20 1e+20 1e+20 1e+20 1e+20 1e+20 1e+20 1e+20 1e+20 1e+20 1e+20 1e+20 1e+20 1e+20 1e+20 1e+20 1e+20 1e+20 1e+20 1e+20 1e+20 1e+20 1e+20 1e+20 1e+20 1e+20 1e+20 1e+20 1e+20 1e+20 1e+20
