pygmi/test/mag.asc
ncols 			232
nrows 			481
xllcorner 			-20187.5000000001
yllcorner 			-2823315.0
cellsize 			125.0
nodata_value 		1e+20
[rows 288 to 319 of 481, columns 0 to 72 of 232]
1e+20 1e+20 1e+20 1e+20 1e+20 1e+20 1e+20 1e+20 1e+20 1e+20 1e+20 1e+20 1e+20 1e+20 1e+20 1e+20 1e+20 1e+20 1e+20 28630.4 28630.3 28630.2 28631.0 28631.9 28639.8 28646.7 28642.0 28639.7 28636.3 28638.7 28641.9 28658.9 28675.4 28670.3 28654.5 28647.3 28642.7 28641.8 28644.0 28645.1 28645.9 28648.7 28648.6 28645.1 28639.6 28636.4 28645.7 28646.5 28641.8 28646.0 28638.3 28633.2 28623.3 28611.3 28623.5 28641.0 28635.9 28629.4 28626.2 28629.9 28631.6 28632.4 28631.6 28632.6 28636.0 28636.2 28634.5 28634.5 28634.8 28634.2 28633.5 28629.8 28630.7
1e+20 1e+20 1e+20 1e+20 1e+20 1e+20 1e+20 1e+20 1e+20 1e+20 1e+20 1e+20 1e+20 1e+20 1e+20 1e+20 1e+20 1e+20 1e+20 28630.1 28630.6 28630.8 28631.9 28632.7 28638.0 28645.1 28644.7 28643.5 28639.3 28638.9 28637.9 28643.4 28656.9 28657.9 28660.1 28659.9 28648.2 28646.4 28641.7 28643.7 28646.9 28649.7 28648.0 28643.1 28638.7 28641.5 28654.7 28663.4 28648.0 28645.2 28629.8 28630.4 28633.0 28621.0 28631.6 28651.2 28645.9 28637.4 28633.9 28635.7 28633.6 28630.5 28629.9 28631.2 28634.5 28633.2 28633.1 28631.7 28633.9 28635.6 28630.0 28624.5 28616.6
1e+20 1e+20 1e+20 1e+20 1e+20 1e+20 1e+20 1e+20 1e+20 1e+20 1e+20 1e+20 1e+20 1e+20 1e+20 1e+20 1e+20 1e+20 1e+20 28631.0 28632.3 28631.9 28630.8 28631.9 28635.8 28644.9 28649.1 28647.4 28640.0 28639.4 28639.6 28642.4 28646.8 28640.3 28653.7 28662.0 28644.3 28644.1 28640.3 28640.6 28644.2 28645.5 28643.8 28638.8 28636.8 28639.5 28649.0 28653.3 28635.8 28637.0 28629.8 28627.7 28629.9 28629.0 28633.0 28640.4 28643.7 28639.3 28637.5 28631.6 28632.0 28628.8 28629.7 28629.3 28632.0 28632.7 28635.4 28635.4 28635.4 28634.2 28614.8 28610.1 28612.7
1e+20 1e+20 1e+20 1e+20 1e+20 1e+20 1e+20 1e+20 1e+20 1e+20 1e+20 1e+20 1e+20 1e+20 1e+20 1e+20 1e+20 1e+20 1e+20 1e+20 28635.9 28636.4 28633.0 28631.4 28635.7 28643.1 28647.9 28644.8 28639.1 28639.9 28638.8 28641.7 28640.9 28638.3 28649.4 28662.4 28654.5 28650.6 28638.9 28634.4 28640.0 28640.2 28637.7 28634.7 28634.7 28638.3 28644.9 28650.1 28642.3 28643.0 28638.7 28630.4 28634.8 28635.6 28635.7 28641.2 28651.9 28645.4 28634.8 28619.6 28626.6 28628.6 28630.8 28633.0 28634.9 28634.8 28634.1 28629.6 28624.7 28619.6 28610.8 28626.7 28633.0
1e+20 1e+20 1e+20 1e+20 1e+20 1e+20 1e+20 1e+20 1e+20 1e+20 1e+20 1e+20 1e+20 1e+20 1e+20 1e+20 1e+20 1e+20 1e+20 1e+20 28639.1 28641.6 28635.9 28633.4 28638.1 28646.2 28648.6 28643.7 28641.2 28640.9 28636.8 28642.8 28639.4 28634.7 28640.9 28653.9 28656.5 28655.0 28644.2 28631.5 28640.2 28635.7 28632.6 28631.6 28632.5 28636.1 28638.6 28641.4 28641.2 28646.2 28649.3 28639.9 28646.3 28648.3 28642.5 28645.1 28653.8 28648.6 28633.5 28626.7 28631.9 28632.7 28634.7 28635.3 28635.4 28630.2 28625.9 28611.8 28615.4 28617.1 28626.0 28634.5 28638.3
1e+20 1e+20 1e+20 1e+20 1e+20 1e+20 1e+20 1e+20 1e+20 1e+20 1e+20 1e+20 1e+20 1e+20 1e+20 1e+20 1e+20 1e+20 1e+20 1e+20 1e+20 28639.8 28635.2 28633.4 28639.4 28649.7 28651.8 28645.1 28643.9 28644.1 28639.6 28638.9 28639.1 28632.9 28636.6 28647.9 28653.9 28659.9 28657.4 28646.8 28646.8 28634.8 28630.4 28628.6 28629.5 28632.5 28632.3 28631.6 28632.6 28644.5 28660.2 28649.8 28647.3 28658.9 28651.8 28647.3 28648.0 28653.8 28638.8 28631.4 28624.7 28629.2 28635.0 28633.9 28630.8 28619.2 28610.3 28605.1 28629.4 28627.4 28629.0 28635.0 28636.9
1e+20 1e+20 1e+20 1e+20 1e+20 1e+20 1e+20 1e+20 1e+20 1e+20 1e+20 1e+20 1e+20 1e+20 1e+20 1e+20 1e+20 1e+20 1e+20 1e+20 1e+20 28642.0 28639.6 28635.3 28637.0 28647.6 28651.5 28643.0 28642.1 28643.2 28641.1 28641.5 28639.6 28634.0 28636.6 28643.0 28646.6 28658.0 28656.2 28652.3 28653.8 28647.2 28636.3 28629.5 28629.2 28629.8 28629.1 28624.1 28621.6 28629.1 28641.2 28642.7 28640.5 28647.5 28649.3 28648.0 28653.4 28662.7 28645.9 28633.2 28625.1 28627.7 28629.5 28626.6 28623.9 28628.1 28628.7 28632.2 28636.9 28636.6 28625.2 28632.3 28634.3
1e+20 1e+20 1e+20 1e+20 1e+20 1e+20 1e+20 1e+20 1e+20 1e+20 1e+20 1e+20 1e+20 1e+20 1e+20 1e+20 1e+20 1e+20 1e+20 1e+20 1e+20 28652.3 28644.9 28636.1 28632.3 28646.5 28654.9 28644.0 28642.4 28644.3 28642.7 28643.8 28643.2 28638.7 28641.0 28642.1 28640.3 28649.5 28647.5 28649.2 28657.0 28661.6 28653.3 28644.1 28635.0 28625.4 28622.2 28618.0 28614.6 28616.5 28622.8 28630.9 28631.4 28633.4 28638.2 28644.0 28649.5 28657.4 28657.4 28642.2 28636.1 28633.7 28629.6 28623.6 28627.7 28640.2 28634.9 28634.4 28634.5 28640.9 28632.9 28635.2 28626.8
1e+20 1e+20 1e+20 1e+20 1e+20 1e+20 1e+20 1e+20 1e+20 1e+20 1e+20 1e+20 1e+20 1e+20 1e+20 1e+20 1e+20 1e+20 1e+20 1e+20 1e+20 28653.1 28644.3 28636.9 28634.7 28644.3 28650.3 28644.2 28644.7 28645.0 28644.4 28643.0 28644.3 28642.0 28644.5 28642.2 28637.6 28642.8 28642.9 28643.7 28648.5 28655.3 28659.3 28659.1 28647.9 28632.0 28623.5 28617.9 28613.0 28611.6 28619.1 28632.4 28630.1 28630.4 28631.3 28634.8 28643.9 28660.0 28683.3 28661.2 28646.3 28637.0 28636.4 28637.5 28634.9 28638.3 28636.2 28637.8 28638.7 28644.7 28640.3 28635.4 28629.2
1e+20 1e+20 1e+20 1e+20 1e+20 1e+20 1e+20 1e+20 1e+20 1e+20 1e+20 1e+20 1e+20 1e+20 1e+20 1e+20 1e+20 1e+20 1e+20 1e+20 1e+20 28642.8 28640.7 28642.1 28647.7 28655.8 28656.9 28649.9 28648.0 28647.1 28647.2 28647.3 28648.4 28643.5 28643.2 28645.5 28643.8 28642.5 28641.9 28639.8 28639.8 28643.1 28652.6 28658.4 28659.0 28652.2 28642.4 28629.9 28621.3 28616.4 28618.1 28628.3 28629.5 28630.2 28627.8 28629.0 28633.7 28644.8 28658.1 28652.7 28644.8 28637.3 28638.8 28637.6 28635.6 28634.9 28632.6 28634.8 28639.6 28646.9 28652.6 28648.5 28657.1
1e+20 1e+20 1e+20 1e+20 1e+20 1e+20 1e+20 1e+20 1e+20 1e+20 1e+20 1e+20 1e+20 1e+20 1e+20 1e+20 1e+20 1e+20 1e+20 1e+20 1e+20 28640.9 28644.6 28657.0 28666.0 28675.7 28672.6 28660.0 28654.6 28652.3 28650.4 28650.8 28650.5 28644.8 28641.2 28649.6 28652.5 28648.3 28645.3 28643.3 28639.9 28637.9 28641.7 28644.4 28652.0 28657.6 28658.6 28648.7 28637.3 28627.5 28627.7 28628.0 28626.4 28624.9 28624.4 28627.7 28626.2 28632.1 28636.9 28648.8 28637.5 28633.3 28640.7 28642.9 28640.1 28637.8 28636.8 28639.6 28650.6 28662.3 28678.8 28679.7 28674.1
1e+20 1e+20 1e+20 1e+20 1e+20 1e+20 1e+20 1e+20 1e+20 1e+20 1e+20 1e+20 1e+20 1e+20 1e+20 1e+20 1e+20 1e+20 1e+20 1e+20 1e+20 28658.4 28664.1 28683.2 28694.1 28721.0 28723.6 28696.9 28673.8 28662.0 28655.6 28656.0 28660.1 28662.3 28660.8 28669.3 28675.5 28663.9 28658.9 28660.4 28663.0 28650.1 28641.4 28636.4 28640.5 28646.4 28655.6 28659.8 28656.0 28643.9 28640.5 28627.6 28622.3 28618.5 28617.5 28623.4 28623.4 28631.1 28639.8 28654.0 28642.1 28638.5 28644.8 28648.9 28648.0 28649.9 28653.1 28672.1 28671.0 28671.9 28689.6 28696.8 28662.3
1e+20 1e+20 1e+20 1e+20 1e+20 1e+20 1e+20 1e+20 1e+20 1e+20 1e+20 1e+20 1e+20 1e+20 1e+20 1e+20 1e+20 1e+20 1e+20 1e+20 1e+20 28709.6 28703.6 28715.1 28743.1 28796.2 28835.6 28785.7 28724.3 28692.7 28675.0 28668.1 28668.7 28668.6 28679.7 28694.1 28702.5 28689.2 28690.5 28709.4 28716.3 28684.9 28663.9 28644.1 28636.9 28635.8 28643.3 28649.5 28651.0 28644.0 28643.2 28638.9 28630.7 28628.9 28628.4 28633.6 28633.8 28635.8 28642.7 28656.6 28649.9 28643.3 28646.8 28656.3 28665.9 28675.5 28681.5 28710.8 28670.2 28664.4 28681.2 28679.2 28654.8
1e+20 1e+20 1e+20 1e+20 1e+20 1e+20 1e+20 1e+20 1e+20 1e+20 1e+20 1e+20 1e+20 1e+20 1e+20 1e+20 1e+20 1e+20 1e+20 1e+20 1e+20 28778.8 28786.8 28784.6 28807.5 28826.1 28897.2 28876.4 28818.9 28761.4 28716.7 28695.1 28698.8 28701.0 28712.0 28726.4 28736.8 28743.0 28766.9 28792.1 28782.1 28727.6 28708.8 28691.3 28662.2 28641.9 28631.7 28627.0 28631.3 28642.9 28658.8 28662.1 28651.0 28643.6 28642.3 28645.5 28647.2 28643.6 28651.6 28670.9 28661.2 28647.8 28651.1 28670.2 28720.0 28704.6 28702.5 28720.3 28697.1 28713.9 28681.1 28658.8 28625.8
1e+20 1e+20 1e+20 1e+20 1e+20 1e+20 1e+20 1e+20 1e+20 1e+20 1e+20 1e+20 1e+20 1e+20 1e+20 1e+20 1e+20 1e+20 1e+20 1e+20 1e+20 28801.1 28848.3 28869.3 28807.0 28727.7 28758.9 28806.4 28843.4 28836.6 28792.7 28748.0 28758.3 28785.0 28768.9 28769.3 28789.4 28802.9 28877.0 28843.0 28824.9 28757.2 28756.4 28757.7 28719.6 28676.1 28644.5 28630.8 28630.6 28641.0 28655.4 28660.5 28657.6 28651.6 28650.5 28657.5 28669.0 28662.3 28654.1 28660.0 28665.7 28651.1 28657.4 28674.8 28750.8 28666.0 28709.1 28726.0 28698.6 28676.2 28639.9 28625.3 28611.9
1e+20 1e+20 1e+20 1e+20 1e+20 1e+20 1e+20 1e+20 1e+20 1e+20 1e+20 1e+20 1e+20 1e+20 1e+20 1e+20 1e+20 1e+20 1e+20 1e+20 1e+20 28698.8 28710.7 28724.2 28665.2 28635.6 28638.5 28670.9 28736.2 28800.8 28842.8 28842.2 28825.7 28894.4 28837.4 28808.9 28842.2 28806.0 28807.5 28706.6 28718.1 28725.1 28764.7 28796.5 28769.0 28720.5 28685.9 28658.6 28643.0 28648.7 28646.6 28644.2 28647.7 28648.9 28649.8 28661.2 28680.3 28683.3 28680.9 28680.1 28700.9 28677.2 28693.4 28629.4 28584.7 28596.2 28700.9 28674.8 28646.5 28626.2 28625.5 28625.3 28622.5
1e+20 1e+20 1e+20 1e+20 1e+20 1e+20 1e+20 1e+20 1e+20 1e+20 1e+20 1e+20 1e+20 1e+20 1e+20 1e+20 1e+20 1e+20 1e+20 1e+20 1e+20 28637.5 28600.1 28624.0 28617.0 28606.8 28596.4 28596.3 28612.1 28667.8 28738.8 28782.7 28733.8 28757.2 28769.5 28773.8 28762.1 28688.8 28649.8 28623.8 28634.3 28676.3 28741.5 28818.5 28819.1 28789.6 28756.5 28715.4 28674.6 28674.4 28648.3 28638.8 28641.5 28645.7 28648.9 28655.5 28668.2 28682.2 28695.3 28706.0 28718.7 28683.9 28755.6 28696.3 28628.4 28658.8 28658.2 28624.0 28617.1 28619.2 28629.8 28642.2 28631.5
1e+20 1e+20 1e+20 1e+20 1e+20 1e+20 1e+20 1e+20 1e+20 1e+20 1e+20 1e+20 1e+20 1e+20 1e+20 1e+20 1e+20 1e+20 1e+20 1e+20 1e+20 28615.6 28593.1 28610.8 28632.0 28614.7 28592.8 28581.7 28580.0 28589.8 28610.8 28635.9 28610.8 28610.3 28635.7 28623.7 28602.2 28597.5 28588.7 28600.8 28610.2 28631.4 28670.5 28738.5 28792.1 28828.5 28856.3 28816.5 28734.5 28700.9 28662.0 28641.2 28638.4 28649.4 28656.8 28670.0 28675.1 28677.6 28682.7 28713.4 28750.6 28684.5 28571.4 28701.1 28692.2 28670.4 28628.3 28617.7 28614.2 28623.6 28626.4 28638.1 28629.4
1e+20 1e+20 1e+20 1e+20 1e+20 1e+20 1e+20 1e+20 1e+20 1e+20 1e+20 1e+20 1e+20 1e+20 1e+20 1e+20 1e+20 1e+20 1e+20 1e+20 1e+20 28611.0 28609.0 28616.1 28618.3 28605.1 28594.6 28586.2 28587.6 28590.2 28580.1 28576.2 28573.8 28573.9 28581.2 28581.6 28575.9 28585.2 28588.3 28598.3 28603.9 28609.6 28618.2 28640.7 28682.7 28780.0 28915.5 28936.7 28855.1 28778.3 28702.3 28656.3 28648.7 28659.7 28665.3 28666.2 28687.2 28688.9 28673.4 28697.4 28730.8 28725.0 28668.4 28688.0 28696.0 28686.6 28657.9 28638.2 28621.0 28621.0 28624.6 28640.4 28641.9
1e+20 1e+20 1e+20 1e+20 1e+20 1e+20 1e+20 1e+20 1e+20 1e+20 1e+20 1e+20 1e+20 1e+20 1e+20 1e+20 1e+20 1e+20 1e+20 1e+20 1e+20 28617.2 28614.7 28618.0 28611.9 28612.6 28599.6 28589.3 28588.4 28590.3 28580.4 28572.5 28574.6 28581.7 28577.9 28578.3 28582.1 28585.8 28592.2 28604.0 28605.4 28601.3 28592.8 28591.7 28600.1 28645.5 28761.3 28849.1 28874.3 28843.5 28789.0 28696.2 28680.2 28622.4 28634.2 28579.0 28648.7 28700.9 28686.8 28680.4 28685.0 28692.1 28660.2 28637.7 28644.9 28661.9 28676.4 28673.7 28659.4 28642.9 28646.3 28659.7 28654.6
1e+20 1e+20 1e+20 1e+20 1e+20 1e+20 1e+20 1e+20 1e+20 1e+20 1e+20 1e+20 1e+20 1e+20 1e+20 1e+20 1e+20 1e+20 1e+20 1e+20 1e+20 28635.8 28625.8 28619.3 28621.4 28637.0 28602.9 28590.2 28588.4 28585.3 28581.5 28579.6 28582.4 28584.8 28582.9 28583.6 28586.4 28587.9 28591.1 28599.6 28606.0 28603.7 28592.5 28583.5 28582.0 28592.0 28637.0 28700.5 28775.1 28823.0 28878.2 28764.7 28668.6 28477.0 28602.7 28667.9 28726.5 28703.2 28668.4 28644.7 28646.1 28652.3 28632.7 28619.9 28620.5 28631.8 28655.4 28680.5 28698.1 28686.0 28671.0 28673.5 28638.1
1e+20 1e+20 1e+20 1e+20 1e+20 1e+20 1e+20 1e+20 1e+20 1e+20 1e+20 1e+20 1e+20 1e+20 1e+20 1e+20 1e+20 1e+20 1e+20 1e+20 1e+20 28656.7 28641.4 28618.0 28611.4 28627.3 28610.3 28596.7 28597.3 28591.4 28586.6 28589.3 28589.5 28588.2 28588.0 28589.3 28591.3 28591.4 28588.0 28592.1 28599.7 28605.5 28600.2 28588.6 28577.7 28572.4 28581.4 28611.8 28653.1 28670.8 28687.6 28656.8 28671.2 28627.0 28689.1 28674.1 28682.6 28661.5 28637.1 28622.4 28620.8 28633.7 28632.5 28622.4 28617.7 28620.7 28627.6 28645.3 28675.4 28695.3 28665.0 28621.2 28596.5
1e+20 1e+20 1e+20 1e+20 1e+20 1e+20 1e+20 1e+20 1e+20 1e+20 1e+20 1e+20 1e+20 1e+20 1e+20 1e+20 1e+20 1e+20 1e+20 1e+20 1e+20 28643.1 28626.0 28608.4 28608.6 28636.0 28627.2 28614.8 28603.5 28594.1 28586.8 28591.9 28591.0 28587.6 28589.1 28591.9 28592.3 28591.1 28588.9 28592.2 28597.9 28607.6 28602.3 28590.3 28580.7 28570.0 28564.3 28567.5 28578.9 28569.7 28575.8 28717.3 28746.4 28659.2 28626.7 28614.5 28616.8 28620.8 28614.6 28611.4 28611.9 28628.6 28643.2 28624.2 28619.1 28621.1 28615.5 28617.0 28633.7 28657.7 28641.3 28600.5 28664.3
1e+20 1e+20 1e+20 1e+20 1e+20 1e+20 1e+20 1e+20 1e+20 1e+20 1e+20 1e+20 1e+20 1e+20 1e+20 1e+20 1e+20 1e+20 1e+20 1e+20 1e+20 28642.8 28633.6 28620.8 28615.6 28635.9 28650.8 28629.0 28596.0 28589.0 28587.2 28590.8 28591.4 28586.7 28588.5 28590.8 28592.6 28591.8 28592.0 28595.2 28597.9 28599.7 28600.2 28588.8 28582.8 28579.8 28575.7 28580.9 28582.0 28586.7 28637.7 28768.6 28792.1 28710.7 28617.8 28595.8 28590.8 28599.8 28600.9 28606.1 28606.3 28614.2 28629.5 28617.3 28617.7 28621.1 28621.8 28630.6 28636.5 28646.4 28651.1 28649.5 28696.4
1e+20 1e+20 1e+20 1e+20 1e+20 1e+20 1e+20 1e+20 1e+20 1e+20 1e+20 1e+20 1e+20 1e+20 1e+20 1e+20 1e+20 1e+20 1e+20 1e+20 1e+20 28631.9 28645.6 28644.7 28645.7 28665.8 28674.8 28613.4 28589.3 28589.0 28591.5 28595.0 28596.9 28590.5 28591.1 28590.6 28593.0 28591.7 28593.1 28594.6 28595.1 28591.4 28601.2 28598.3 28591.2 28592.0 28592.3 28612.2 28610.5 28613.2 28660.5 28736.9 28784.2 28752.4 28645.7 28601.9 28588.4 28600.7 28607.0 28615.7 28615.2 28616.9 28635.0 28631.3 28632.8 28632.6 28636.7 28639.6 28646.3 28646.6 28654.2 28663.5 28679.9
1e+20 1e+20 1e+20 1e+20 1e+20 1e+20 1e+20 1e+20 1e+20 1e+20 1e+20 1e+20 1e+20 1e+20 1e+20 1e+20 1e+20 1e+20 1e+20 1e+20 1e+20 28620.9 28657.7 28655.3 28647.0 28630.4 28638.4 28600.8 28596.0 28596.9 28599.1 28601.2 28599.6 28595.7 28596.3 28594.0 28595.2 28591.6 28594.7 28597.2 28597.4 28599.3 28610.5 28617.3 28612.0 28609.5 28609.2 28611.1 28611.2 28612.3 28642.3 28691.5 28740.8 28760.8 28685.8 28628.2 28612.6 28614.3 28611.4 28619.8 28624.1 28620.9 28630.4 28634.8 28640.1 28645.1 28652.6 28648.8 28656.3 28660.0 28669.6 28677.2 28696.9
1e+20 1e+20 1e+20 1e+20 1e+20 1e+20 1e+20 1e+20 1e+20 1e+20 1e+20 1e+20 1e+20 1e+20 1e+20 1e+20 1e+20 1e+20 1e+20 1e+20 1e+20 28620.4 28636.9 28655.0 28670.8 28650.2 28643.6 28617.4 28617.4 28614.0 28612.0 28609.7 28603.6 28600.4 28598.0 28593.8 28594.1 28596.5 28599.4 28602.9 28602.1 28603.1 28610.8 28622.0 28622.3 28618.9 28607.7 28597.3 28599.0 28597.4 28616.7 28656.3 28715.7 28798.0 28779.2 28682.3 28640.5 28627.0 28616.3 28620.4 28619.7 28618.8 28630.8 28654.5 28653.2 28656.7 28660.1 28668.3 28683.2 28690.2 28703.6 28720.1 28760.6
1e+20 1e+20 1e+20 1e+20 1e+20 1e+20 1e+20 1e+20 1e+20 1e+20 1e+20 1e+20 1e+20 1e+20 1e+20 1e+20 1e+20 1e+20 1e+20 1e+20 28619.3 28635.2 28649.9 28659.4 28654.0 28646.2 28641.6 28638.5 28643.4 28634.4 28626.9 28619.4 28610.6 28603.1 28598.2 28595.2 28591.7 28596.4 28599.8 28601.4 28604.2 28600.6 28606.9 28617.2 28616.3 28606.9 28601.6 28595.5 28591.8 28588.1 28605.6 28627.4 28665.7 28719.7 28747.4 28657.4 28608.0 28615.3 28609.8 28618.8 28624.4 28624.1 28628.0 28652.1 28664.1 28683.5 28689.9 28708.2 28732.2 28758.0 28789.3 28843.3 28853.7
1e+20 1e+20 1e+20 1e+20 1e+20 1e+20 1e+20 1e+20 1e+20 1e+20 1e+20 1e+20 1e+20 1e+20 1e+20 1e+20 1e+20 1e+20 1e+20 1e+20 28630.2 28644.0 28657.4 28665.3 28657.6 28644.5 28635.4 28645.8 28632.2 28628.3 28626.9 28624.9 28617.0 28607.7 28594.9 28597.3 28590.4 28594.4 28598.0 28593.1 28603.1 28599.8 28606.5 28605.6 28606.3 28578.4 28590.9 28602.6 28602.9 28602.0 28607.0 28610.9 28626.8 28650.2 28694.6 28666.9 28604.7 28613.2 28619.3 28627.0 28635.4 28630.1 28631.6 28667.1 28685.8 28713.9 28720.5 28754.9 28803.9 28860.0 28906.5 28990.0 28896.3
1e+20 1e+20 1e+20 1e+20 1e+20 1e+20 1e+20 1e+20 1e+20 1e+20 1e+20 1e+20 1e+20 1e+20 1e+20 1e+20 1e+20 1e+20 1e+20 1e+20 28638.9 28649.8 28662.6 28669.2 28648.2 28628.7 28626.5 28621.2 28593.8 28582.4 28583.5 28613.7 28621.9 28618.0 28589.1 28593.4 28586.0 28594.4 28601.0 28594.5 28610.4 28600.3 28600.6 28588.0 28591.9 28584.7 28601.8 28623.0 28621.1 28618.6 28611.8 28604.4 28615.9 28642.4 28713.8 28728.4 28665.4 28643.7 28639.7 28635.1 28634.7 28636.9 28645.9 28676.1 28691.6 28713.0 28737.9 28796.6 28872.6 28937.0 28894.7 28894.2 28881.1
1e+20 1e+20 1e+20 1e+20 1e+20 1e+20 1e+20 1e+20 1e+20 1e+20 1e+20 1e+20 1e+20 1e+20 1e+20 1e+20 1e+20 1e+20 1e+20 1e+20 28645.7 28653.9 28676.0 28687.0 28650.8 28632.3 28628.7 28626.0 28614.7 28598.1 28510.6 28528.2 28603.4 28635.7 28616.2 28602.5 28598.4 28600.9 28613.9 28586.1 28599.2 28601.8 28602.4 28600.8 28605.9 28611.8 28620.2 28632.7 28631.6 28620.9 28612.0 28606.3 28600.6 28609.1 28671.0 28728.8 28713.9 28675.7 28649.2 28640.1 28633.4 28643.8 28663.3 28705.7 28723.1 28747.1 28776.2 28827.9 28869.0 28898.6 28874.3 28902.4 28932.1
1e+20 1e+20 1e+20 1e+20 1e+20 1e+20 1e+20 1e+20 1e+20 1e+20 1e+20 1e+20 1e+20 1e+20 1e+20 1e+20 1e+20 1e+20 1e+20 1e+20 28647.6 28657.4 28675.3 28699.3 28663.0 28641.0 28633.1 28636.9 28631.4 28600.3 28497.3 28451.3 28538.3 28580.0 28610.8 28603.7 28617.6 28608.7 28628.8 28615.2 28613.1 28618.0 28619.8 28620.7 28621.2 28621.8 28620.9 28619.3 28616.8 28606.5 28595.5 28596.3 28602.7 28626.2 28673.7 28752.2 28785.3 28766.5 28695.7 28671.4 28662.7 28676.9 28696.5 28752.0 28795.2 28843.6 28877.9 28895.5 28853.6 28883.3 28862.8 28992.9 28940.0
