pygmi/test/tc.asc
ncols 			232
nrows 			481
xllcorner 			-20187.5000000001
yllcorner 			-2823315.0
cellsize 			125.0
nodata_value 		1e+20
[rows 64 to 95 of 481, columns 0 to 72 of 232]
1e+20 1e+20 1e+20 1e+20 1e+20 1e+20 1e+20 1e+20 1e+20 1e+20 1e+20 1e+20 1e+20 1e+20 1e+20 1e+20 1e+20 1e+20 1e+20 1e+20 275.095 271.233 257.28 260.607 256.177 261.951 259.496 253.481 256.396 257.82 248.028 238.321 260.234 271.841 262.056 259.805 254.808 265.548 262.151 274.205 252.103 244.375 221.994 213.051 202.224 199.638 192.261 174.989 200.763 203.183 174.01 177.792 171.006 174.472 197.661 210.673 217.882 212.527 208.981 201.912 208.333 223.416 188.836 187.315 196.064 186.318 176.922 178.287 204.287 220.973 238.588 252.707 272.072
1e+20 1e+20 1e+20 1e+20 1e+20 1e+20 1e+20 1e+20 1e+20 1e+20 1e+20 1e+20 1e+20 1e+20 1e+20 1e+20 1e+20 1e+20 1e+20 1e+20 268.514 262.385 247.879 254.121 255.677 263.095 256.552 263.226 253.605 252.723 257.287 263.241 258.772 272.607 259.405 249.071 244.285 260.706 259.664 275.322 266.112 245.78 221.713 206.045 193.382 207.789 197.183 196.728 211.011 188.554 173.387 190.033 195.239 202.838 219.155 217.599 219.018 197.957 194.283 188.975 187.143 194.434 193.656 190.743 189.975 188.127 191.245 182.792 202.06 228.941 259.863 271.571 274.032
1e+20 1e+20 1e+20 1e+20 1e+20 1e+20 1e+20 1e+20 1e+20 1e+20 1e+20 1e+20 1e+20 1e+20 1e+20 1e+20 1e+20 1e+20 1e+20 1e+20 271.255 267.889 240.891 244.353 254.772 249.276 262.747 262.518 267.393 247.178 253.412 258.803 262.501 262.03 259.288 254.753 243.409 231.969 241.539 264.857 264.439 238.077 211.126 199.981 185.743 194.841 197.302 204.104 205.994 174.048 163.416 190.079 210.775 219.367 219.163 222.028 206.876 190.739 180.913 175.577 183.24 204.262 211.681 203.656 197.929 189.431 191.189 188.237 193.761 209.141 227.551 244.427 264.32
1e+20 1e+20 1e+20 1e+20 1e+20 1e+20 1e+20 1e+20 1e+20 1e+20 1e+20 1e+20 1e+20 1e+20 1e+20 1e+20 1e+20 1e+20 1e+20 1e+20 251.628 243.159 241.081 244.356 270.044 258.531 261.659 249.857 270.469 260.436 256.826 257.947 269.887 255.776 266.8 263.498 257.897 241.38 251.164 265.404 258.837 232.398 201.66 206.922 196.857 191.327 189.451 204.855 212.177 173.101 173.199 198.217 225.617 226.566 201.888 207.407 196.113 188.59 183.214 167.82 173.488 190.081 195.837 199.86 197.517 194.489 195.567 200.86 195.433 197.004 214.837 241.079 269.126
1e+20 1e+20 1e+20 1e+20 1e+20 1e+20 1e+20 1e+20 1e+20 1e+20 1e+20 1e+20 1e+20 1e+20 1e+20 1e+20 1e+20 1e+20 1e+20 1e+20 241.228 235.939 233.687 237.943 259.342 249.34 270.296 260.918 271.727 255.21 245.904 238.797 259.489 265.65 266.415 262.744 258.097 249.065 260.011 260.684 238.914 232.549 214.462 202.534 207.821 202.995 201.329 206.016 202.879 189.372 189.314 191.858 213.694 232.627 192.112 175.552 179.801 184.53 181.207 160.602 175.408 189.119 181.76 193.606 196.207 195.633 190.906 196.085 195.284 197.231 220.042 232.503 240.762
1e+20 1e+20 1e+20 1e+20 1e+20 1e+20 1e+20 1e+20 1e+20 1e+20 1e+20 1e+20 1e+20 1e+20 1e+20 1e+20 1e+20 1e+20 1e+20 1e+20 243.962 239.534 242.162 244.672 267.397 252.767 257.097 249.531 255.249 248.92 245.694 256.188 266.727 277.98 265.755 266.948 265.37 265.74 253.833 265.304 225.792 225.034 227.263 210.463 212.167 212.498 210.767 220.715 224.234 221.914 226.517 239.145 231.11 224.727 183.602 191.65 189.321 186.396 175.688 177.461 204.605 216.72 204.359 203.116 205.293 194.083 180.291 189.395 192.769 188.029 206.319 216.102 224.957
1e+20 1e+20 1e+20 1e+20 1e+20 1e+20 1e+20 1e+20 1e+20 1e+20 1e+20 1e+20 1e+20 1e+20 1e+20 1e+20 1e+20 1e+20 1e+20 1e+20 245.919 238.037 241.454 234.537 251.546 248.304 252.78 256.908 265.626 256.908 255.938 270.978 264.786 262.379 258.997 271.649 273.708 272.884 225.922 245.601 226.644 216.386 215.312 211.216 216.226 222.03 219.335 234.272 236.264 231.41 235.815 238.453 213.469 225.289 193.763 185.819 189.415 181.788 174.972 176.725 186.375 209.603 206.202 200.876 191.738 189.889 182.15 191.679 202.944 201.81 199.292 198.008 201.42
1e+20 1e+20 1e+20 1e+20 1e+20 1e+20 1e+20 1e+20 1e+20 1e+20 1e+20 1e+20 1e+20 1e+20 1e+20 1e+20 1e+20 1e+20 1e+20 1e+20 224.448 239.175 253.586 254.169 258.473 239.214 245.81 261.54 276.989 281.543 277.506 280.588 276.067 271.517 250.04 263.535 281.179 270.459 260.368 265.709 233.436 216.409 208.614 212.481 220.286 222.452 225.96 229.124 235.814 231.643 228.435 218.859 194.205 203.065 188.424 181.306 180.875 179.058 185.564 184.867 188.059 188.848 183.062 179.095 182.547 178.181 178.422 183.889 194.174 184.529 202.368 196.959 195.006
1e+20 1e+20 1e+20 1e+20 1e+20 1e+20 1e+20 1e+20 1e+20 1e+20 1e+20 1e+20 1e+20 1e+20 1e+20 1e+20 1e+20 1e+20 1e+20 1e+20 202.788 236.468 246.252 259.605 259.979 237.854 243.299 261.242 277.894 293.457 269.243 258.112 269.931 270.055 258.408 254.678 265.25 279.466 284.7 259.805 242.298 221.307 202.499 205.133 222.058 217.939 217.037 211.048 215.745 213.15 214.415 197.571 191.278 199.227 193.318 182.5 173.401 167.236 176.31 179.412 173.892 178.226 168.075 174.528 175.394 168.607 179.27 196.454 206.472 192.183 209.039 212.082 199.389
1e+20 1e+20 1e+20 1e+20 1e+20 1e+20 1e+20 1e+20 1e+20 1e+20 1e+20 1e+20 1e+20 1e+20 1e+20 1e+20 1e+20 1e+20 1e+20 1e+20 219.045 241.086 230.769 244.72 238.995 230.156 257.29 268.778 268.23 279.578 262.28 247.781 255.924 253.467 268.913 268.026 268.324 285.581 283.002 268.083 258.009 233.02 216.976 196.381 220.644 225.007 221.88 222.708 235.483 237.544 219.456 198.414 190.377 187.306 207.147 188.434 169.94 162.974 173.515 172.267 183.795 191.128 175.084 171.529 179.561 177.924 193.882 207.193 201.364 187.759 205.172 192.623 182.603
1e+20 1e+20 1e+20 1e+20 1e+20 1e+20 1e+20 1e+20 1e+20 1e+20 1e+20 1e+20 1e+20 1e+20 1e+20 1e+20 1e+20 1e+20 1e+20 1e+20 236.77 258.351 255.879 258.486 253.307 253.81 285.324 273.907 280.434 281.071 265.625 264.95 266.775 259.487 274.061 282.848 272.781 285.483 278.315 270.297 254.21 228.884 210.312 199.784 212.607 223.82 218.166 223.806 235.817 231.877 215.482 190.898 188.991 186.973 212.01 196.628 179.782 188.511 199.009 192.26 193.454 187.476 176.861 172.506 181.515 178.538 193.841 197.348 191.561 185.346 184.771 167.653 176.603
1e+20 1e+20 1e+20 1e+20 1e+20 1e+20 1e+20 1e+20 1e+20 1e+20 1e+20 1e+20 1e+20 1e+20 1e+20 1e+20 1e+20 1e+20 1e+20 1e+20 251.693 266.425 266.901 252.21 249.061 246.703 268.001 272.629 286.589 264.244 260.426 277.985 272.678 262.561 276.273 293.994 299.338 308.493 296.594 299.196 264.627 241.497 241.552 212.175 207.24 214.45 206.081 218.371 231.586 223.652 216.436 190.856 203.592 205.459 217.323 204.822 193.53 197.237 228.351 222.005 204.172 184.543 187.172 188.413 196.652 189.276 189.532 185.585 180.702 182.112 181.627 172.305 175.381
1e+20 1e+20 1e+20 1e+20 1e+20 1e+20 1e+20 1e+20 1e+20 1e+20 1e+20 1e+20 1e+20 1e+20 1e+20 1e+20 1e+20 1e+20 1e+20 1e+20 242.761 260.397 258.219 250.387 256.706 250.782 258.762 274.738 270.398 251.474 264.45 265.048 270.498 262.269 264.875 267.632 281.153 289.982 291.082 301.203 275.823 251.414 247.002 225.462 210.076 219.323 214.842 217.209 222.512 228.662 225.776 219.408 212.066 212.029 227.065 213.965 214.432 205.185 222.413 214.326 177.4 174.924 192.152 185.895 187.363 187.366 189.701 187.167 193.172 172.923 176.158 184.895 181.24
1e+20 1e+20 1e+20 1e+20 1e+20 1e+20 1e+20 1e+20 1e+20 1e+20 1e+20 1e+20 1e+20 1e+20 1e+20 1e+20 1e+20 1e+20 1e+20 1e+20 234.227 234.395 245.654 260.811 256.54 248.853 247.915 257.194 255.748 248.272 251.426 242.809 272.857 268.91 269.323 274.285 289.346 282.472 300.677 297.56 274.975 241.974 243.59 236.569 220.709 216.445 218.512 218.559 222.199 234.804 224.11 212.413 205.512 210.617 224.926 212.109 239.448 230.939 223.881 209.718 190.035 168.23 174.801 172.077 170.109 174.422 177.782 173.447 181.688 178.053 172.211 177.158 183.413
1e+20 1e+20 1e+20 1e+20 1e+20 1e+20 1e+20 1e+20 1e+20 1e+20 1e+20 1e+20 1e+20 1e+20 1e+20 1e+20 1e+20 1e+20 1e+20 1e+20 239.307 245.428 239.294 250.164 250.639 250.59 253.779 252.225 252.109 258.592 263.041 251.495 255.911 274.718 281.268 293.55 288.831 279.737 294.962 286.04 268.532 255.151 279.546 240.639 216.294 196.932 205.757 200.704 208.745 223.572 219.138 202.242 202.493 200.384 217.04 223.836 250.636 220.993 215.049 203.598 213.19 180.066 161.916 159.652 161.162 178.112 177.139 174.845 192.852 198.831 191.642 188.894 186.449
1e+20 1e+20 1e+20 1e+20 1e+20 1e+20 1e+20 1e+20 1e+20 1e+20 1e+20 1e+20 1e+20 1e+20 1e+20 1e+20 1e+20 1e+20 1e+20 1e+20 239.749 235.437 235.797 242.054 258.8 257.046 265.208 261.269 254.815 271.956 277.806 267.706 261.897 271.492 274.702 279.532 276.545 261.199 267.656 267.512 262.486 257.386 250.18 217.578 211.175 204.728 219.406 217.704 218.492 223.237 216.382 206.697 215.606 203.811 201.358 206.259 245.083 234.001 217.703 183.072 198.919 169.561 151.568 140.84 145.918 163.948 165.717 165.727 199.73 203.793 197.662 183.534 184.421
1e+20 1e+20 1e+20 1e+20 1e+20 1e+20 1e+20 1e+20 1e+20 1e+20 1e+20 1e+20 1e+20 1e+20 1e+20 1e+20 1e+20 1e+20 1e+20 1e+20 256.234 228.484 233.724 244.09 263.795 260.641 263.23 271.653 264.263 276.364 289.457 279.511 277.676 277.893 274.933 268.821 283.63 286.944 288.823 276.341 279.379 268.862 240.447 232.618 217.389 205.466 214.529 222.17 222.914 221.984 216.056 205.825 224.782 229.726 210.556 228.652 243.521 238.992 211.518 186.79 168.839 133.038 133.379 122.777 141.842 157.923 160.842 162.48 180.379 188.665 187.416 181.297 174.015
1e+20 1e+20 1e+20 1e+20 1e+20 1e+20 1e+20 1e+20 1e+20 1e+20 1e+20 1e+20 1e+20 1e+20 1e+20 1e+20 1e+20 1e+20 1e+20 1e+20 247.697 233.164 237.16 234.029 257.172 262.628 273.079 272.877 265.773 286.158 281.106 270.812 281.414 288.113 286.606 275.67 284.827 313.145 318.532 310.405 301.939 278.1 244.273 229.103 235.214 209.605 205.694 218.58 216.111 221.419 223.493 222.101 234.756 237.119 223.357 236.193 255.237 240.43 182.801 153.286 138.356 107.862 103.494 120.345 149.183 160.238 156.758 151.211 165.36 171.358 173.536 165.544 178.259
1e+20 1e+20 1e+20 1e+20 1e+20 1e+20 1e+20 1e+20 1e+20 1e+20 1e+20 1e+20 1e+20 1e+20 1e+20 1e+20 1e+20 1e+20 1e+20 1e+20 243.237 237.477 250.001 260.631 276.611 285.915 276.483 278.586 274.262 278.31 271.513 273.286 283.343 297.167 293.334 285.981 277.909 315.48 321.992 320.746 293.124 270.536 242.393 226.292 216.257 198.315 194.448 198.457 202.07 228.423 226.636 228.803 241.864 221.376 218.823 239.32 258.251 259.337 194.358 150.143 138.614 111.999 117.461 128.794 143.443 146.421 148.016 141.749 156.916 163.924 186.473 176.56 195.835
1e+20 1e+20 1e+20 1e+20 1e+20 1e+20 1e+20 1e+20 1e+20 1e+20 1e+20 1e+20 1e+20 1e+20 1e+20 1e+20 1e+20 1e+20 1e+20 1e+20 257.006 255.868 254.536 264.304 281.469 289.169 287.586 288.65 291.316 279.671 281.465 285.249 287.291 305.834 306.191 323.547 310.15 310.865 320.146 306.979 279.002 267.125 250.926 232.297 241.651 227.753 208.95 193.789 207.89 228.586 219.426 217.089 220.732 216.898 224.903 238.812 246.182 243.565 199.904 144.754 132.536 125.756 143.157 145.891 142.673 127.657 129.889 123.447 141.23 161.808 176.666 167.119 176.691
1e+20 1e+20 1e+20 1e+20 1e+20 1e+20 1e+20 1e+20 1e+20 1e+20 1e+20 1e+20 1e+20 1e+20 1e+20 1e+20 1e+20 1e+20 1e+20 1e+20 244.326 255.612 242.778 250.487 271.456 266.258 285.964 293.101 303.601 318.083 308.962 304.075 309.19 327.021 321.634 326.668 323.008 300.246 294.419 284.832 259.861 267.019 249.86 237.93 227.645 246.026 226.861 213.844 224.46 234.154 230.07 218.849 225.295 227.795 239.679 260.086 260.883 247.545 233.849 179.907 150.102 123.735 135.19 142.291 124.189 120.938 128.36 123.112 143.622 162.367 158.183 156.876 161.078
1e+20 1e+20 1e+20 1e+20 1e+20 1e+20 1e+20 1e+20 1e+20 1e+20 1e+20 1e+20 1e+20 1e+20 1e+20 1e+20 1e+20 1e+20 1e+20 1e+20 1e+20 214.708 230.909 245.178 257.077 264.317 303.973 309.377 326.619 340.433 326.642 314.625 312.216 312.764 318.633 313.11 311.706 291.773 271.847 271.051 282.636 301.098 277.37 251.769 236.947 238.345 232.454 227.861 239.2 223.602 244.065 245.394 244.535 234.096 228.205 248.105 262.853 233.777 197.443 194.617 210.11 153.602 130.259 123.172 117.971 114.838 116.964 129.053 152.009 165.028 164.314 153.764 159.23
1e+20 1e+20 1e+20 1e+20 1e+20 1e+20 1e+20 1e+20 1e+20 1e+20 1e+20 1e+20 1e+20 1e+20 1e+20 1e+20 1e+20 1e+20 1e+20 1e+20 1e+20 206.654 225.078 242.846 252.78 263.436 286.477 303.339 334.937 344.033 330.701 317.493 310.14 311.739 322.52 310.425 302.763 269.045 262.008 259.608 268.471 310.012 298.614 279.348 244.679 233.619 247.513 251.261 266.185 213.931 224.829 225.036 235.525 234.781 228.87 249.629 255.374 251.001 200.435 187.035 195.732 157.999 123.141 107.717 116.795 114.761 118.01 130.242 155.174 197.347 161.084 150.829 146.764
1e+20 1e+20 1e+20 1e+20 1e+20 1e+20 1e+20 1e+20 1e+20 1e+20 1e+20 1e+20 1e+20 1e+20 1e+20 1e+20 1e+20 1e+20 1e+20 1e+20 1e+20 207.479 224.973 250.877 265.916 277.952 280.02 313.355 326.584 341.23 337.272 331.23 308.749 304.538 308.923 297.857 297.713 270.643 283.885 301.001 323.676 346.416 304.19 257.137 230.021 224.7 228.912 233.929 242.07 228.813 227.72 220.807 223.3 234.625 227.149 233.208 227.431 242.683 230.362 172.141 166.047 138.124 113.403 109.507 112.097 113.306 121.057 128.882 131.744 191.454 190.904 166.017 158.965
1e+20 1e+20 1e+20 1e+20 1e+20 1e+20 1e+20 1e+20 1e+20 1e+20 1e+20 1e+20 1e+20 1e+20 1e+20 1e+20 1e+20 1e+20 1e+20 1e+20 1e+20 242.793 242.609 256.049 276.172 268.742 272.909 293.899 314.933 324.598 325.055 322.324 310.053 297.277 302.522 300.088 296.401 295.336 300.338 323.549 324.667 334.822 305.043 248.75 228.226 229.692 237.701 232.012 228.296 238.175 220.42 195.084 220.97 220.463 226.202 217.419 214.093 220.157 229.547 165.857 135.659 122.216 115.685 124.285 108.998 113.301 127.509 144.484 135.7 153.708 174.333 182.222 171.158
1e+20 1e+20 1e+20 1e+20 1e+20 1e+20 1e+20 1e+20 1e+20 1e+20 1e+20 1e+20 1e+20 1e+20 1e+20 1e+20 1e+20 1e+20 1e+20 1e+20 1e+20 286.702 280.798 258.662 269.101 270.118 272.613 282.834 287.778 299.959 301.416 310.433 312.137 290.43 298.921 313.572 329.27 312.406 292.949 306.639 321.692 326.218 313.905 262.583 238.007 246.114 257.436 246.873 249.791 241.118 220.908 188.331 191.426 188.526 216.47 207.939 191.066 154.877 160.423 132.92 131.546 116.822 117.805 136.771 128.306 118.989 124.852 135.966 132.818 138.33 160.403 190.847 170.032
1e+20 1e+20 1e+20 1e+20 1e+20 1e+20 1e+20 1e+20 1e+20 1e+20 1e+20 1e+20 1e+20 1e+20 1e+20 1e+20 1e+20 1e+20 1e+20 1e+20 1e+20 275.118 289.814 269.614 263.44 284.936 297.915 297.766 297.96 291.107 285.436 310.018 311.868 298.9 298.81 308.369 324.313 315.085 294.528 292.819 311.901 313.092 304.528 261.183 238.757 240.744 274.723 258.608 242.127 228.683 214.473 199.781 188.825 189.34 206.389 198.114 178.182 143.905 139.144 138.837 130.589 121.556 137.731 165.202 153.584 128.246 135.525 140.424 141.744 149.062 138.129 158.44 134.554
1e+20 1e+20 1e+20 1e+20 1e+20 1e+20 1e+20 1e+20 1e+20 1e+20 1e+20 1e+20 1e+20 1e+20 1e+20 1e+20 1e+20 1e+20 1e+20 1e+20 1e+20 287.259 289.076 265.098 265.243 303.963 333.26 337.959 311.86 292.947 275.462 292.988 320.062 341.349 318.203 302.604 316.055 309.928 286.194 265.117 262.486 276.521 285.652 260.535 242.587 246.295 255.738 241.432 203.476 203.455 188.623 199.54 194.689 192.468 188.09 199.419 193.413 155.412 152.951 168.208 174.005 161.394 166.626 172.122 163.793 143.65 149.572 154.145 147.806 154.159 144.436 135.019 139.983
1e+20 1e+20 1e+20 1e+20 1e+20 1e+20 1e+20 1e+20 1e+20 1e+20 1e+20 1e+20 1e+20 1e+20 1e+20 1e+20 1e+20 1e+20 1e+20 1e+20 274.761 274.613 284.919 264.37 286.466 316.381 326.227 327.411 306.308 302.854 284.18 284.476 326.883 344.172 324.73 308.043 322.593 309.592 281.084 233.001 208.633 235.218 266.781 254.57 246.497 243.861 237.599 234.749 223.937 217.938 191.279 190.232 196.674 198.067 186.617 199.392 185.635 167.301 165.218 179.871 187.704 188.435 206.8 182.184 179.141 167.161 168.387 173.234 151.454 155.765 162.405 141.574 147.439
1e+20 1e+20 1e+20 1e+20 1e+20 1e+20 1e+20 1e+20 1e+20 1e+20 1e+20 1e+20 1e+20 1e+20 1e+20 1e+20 1e+20 1e+20 1e+20 1e+20 263.901 252.367 241.411 229.214 277.24 298.034 314.774 303.089 309.401 307.83 273.12 298.924 345.392 333.153 321.879 308.805 317.583 291.693 276.796 220.106 205.851 204.92 223.407 242.718 241.189 241.739 226.206 220.241 230.753 214.926 193.036 193.688 203.288 214.595 155.695 174.218 197.367 174.968 177.159 185.248 190.337 194.301 206.919 184.79 182.016 191.654 181.0 177.401 173.445 187.249 171.106 158.594 165.172
1e+20 1e+20 1e+20 1e+20 1e+20 1e+20 1e+20 1e+20 1e+20 1e+20 1e+20 1e+20 1e+20 1e+20 1e+20 1e+20 1e+20 1e+20 1e+20 1e+20 252.705 233.884 219.302 231.622 264.444 272.084 309.798 279.369 301.326 288.234 272.357 298.158 325.112 324.467 311.995 275.352 265.993 230.179 223.553 210.176 219.636 195.025 217.555 261.01 272.231 265.238 229.374 222.227 217.526 206.236 201.971 195.129 182.191 181.447 157.327 167.608 192.456 182.815 189.209 189.459 186.196 188.766 205.726 178.175 166.034 174.449 171.033 171.297 176.888 179.682 157.396 155.9 151.502
1e+20 1e+20 1e+20 1e+20 1e+20 1e+20 1e+20 1e+20 1e+20 1e+20 1e+20 1e+20 1e+20 1e+20 1e+20 1e+20 1e+20 1e+20 1e+20 1e+20 228.527 218.859 218.996 240.18 258.0 273.019 282.378 254.03 264.913 260.154 263.86 279.649 300.396 311.754 306.639 274.379 228.755 214.063 202.412 195.518 199.808 196.582 222.002 273.731 291.394 282.394 247.676 228.789 212.603 198.382 197.583 178.457 158.262 152.344 153.62 157.565 165.249 171.599 194.413 186.06 199.727 205.344 211.966 190.386 176.977 174.931 167.474 175.214 163.891 175.134 154.135 156.351 146.238
