pygmi/test/tc.asc
ncols 			232
nrows 			481
xllcorner 			-20187.5000000001
yllcorner 			-2823315.0
cellsize 			125.0
nodata_value 		1e+20
[rows 352 to 383 of 481, columns 73 to 145 of 232]
190.364 202.399 201.366 202.588 205.664 204.123 203.029 194.541 195.889 210.544 211.869 221.417 224.515 217.423 229.245 219.144 229.464 224.995 239.901 237.734 231.727 232.265 240.712 238.188 238.118 238.904 206.865 203.827 210.132 212.567 198.933 187.1 188.626 194.198 210.636 182.079 190.857 190.902 124.637 89.9819 66.6893 58.0155 79.6442 97.5909 141.941 136.26 124.031 113.118 133.971 136.401 110.352 147.461 205.81 232.339 236.894 235.915 199.403 148.016 122.711 172.479 208.709 214.572 182.244 168.95 157.202 183.108 197.568 210.727 200.919 206.422 206.768 201.58 231.726
184.477 190.158 192.968 194.116 197.2 199.527 209.68 196.125 204.78 210.124 220.557 219.059 220.981 202.991 205.91 205.524 214.474 220.575 227.362 213.404 220.394 233.49 230.495 232.141 209.192 207.771 200.964 207.374 212.938 208.666 206.622 182.942 181.505 183.804 200.178 199.588 208.04 208.879 156.316 132.055 80.9307 69.3093 79.007 90.4605 120.954 122.106 123.102 124.903 159.983 139.96 137.929 132.683 183.607 207.435 209.647 198.669 163.84 125.048 113.262 161.448 209.5 198.408 172.364 170.887 159.869 166.735 184.9 192.776 219.345 231.158 214.515 206.521 222.276
177.161 174.085 180.915 187.484 171.044 176.19 185.31 181.378 215.102 209.131 199.27 199.945 207.965 201.934 199.031 210.322 203.954 207.407 215.157 215.938 215.654 224.462 227.847 220.816 213.926 210.727 221.322 222.804 215.705 198.197 200.917 193.092 190.679 191.128 207.212 224.004 242.355 227.623 164.832 140.219 108.782 95.1463 83.4512 81.8953 112.966 111.367 106.74 104.636 124.623 128.859 144.668 137.133 166.059 188.659 196.513 173.598 144.009 125.721 124.069 155.311 205.774 175.599 142.806 141.91 152.605 153.566 185.943 201.122 240.471 230.971 216.215 221.343 255.452
160.392 154.484 157.844 171.149 175.047 182.183 185.37 191.656 212.418 206.525 197.658 201.75 203.063 204.272 208.413 222.174 206.195 205.532 210.582 218.877 218.568 221.919 231.483 232.895 230.251 216.636 213.419 216.339 216.56 207.856 207.243 197.944 209.291 226.368 245.906 262.817 281.166 259.417 208.898 169.898 142.011 130.477 109.385 106.416 113.213 105.921 106.531 104.453 106.642 134.291 145.503 144.11 173.314 182.34 191.27 155.294 134.21 141.632 151.619 199.17 238.522 159.726 132.886 115.885 125.619 162.448 195.784 210.761 227.132 237.392 234.921 246.365 276.05
167.945 169.495 148.701 161.722 168.456 188.671 186.585 196.12 214.844 202.856 212.945 218.845 212.062 208.296 206.794 213.939 210.346 210.512 213.533 230.138 226.255 231.143 238.748 237.765 223.183 216.612 199.92 204.553 206.034 213.35 222.756 224.589 228.37 233.391 247.11 259.777 255.27 244.491 238.801 211.087 207.304 192.018 159.73 131.063 122.829 104.133 109.33 120.055 115.909 134.081 150.217 147.63 147.852 146.298 132.726 100.067 111.402 161.168 187.93 213.887 202.884 159.227 153.117 139.675 127.973 179.393 205.133 216.198 201.511 211.831 219.887 235.508 258.607
168.419 197.736 171.143 170.628 164.998 173.435 182.325 194.577 209.879 212.891 220.668 226.739 214.003 213.338 205.749 210.84 220.092 219.322 225.908 220.192 224.456 224.254 204.42 226.52 216.306 210.295 208.189 216.797 212.906 211.912 218.16 241.029 242.017 248.058 239.902 241.21 231.403 238.009 259.294 254.555 272.518 234.783 219.761 169.711 127.015 105.954 117.599 135.533 135.324 142.614 162.932 157.903 181.888 156.388 120.049 69.3074 106.667 162.822 186.191 187.183 166.314 133.48 145.222 141.021 130.279 149.242 188.962 219.26 208.151 195.722 202.032 227.103 252.545
192.089 174.779 155.666 153.314 157.424 166.936 199.324 210.447 213.95 216.853 227.537 232.889 220.703 215.94 201.157 212.427 212.461 211.149 215.421 214.364 223.446 216.325 213.957 243.532 221.44 210.933 210.344 212.927 213.433 214.513 224.906 230.253 231.906 241.348 241.861 237.503 228.407 256.53 292.689 277.055 240.568 202.165 206.046 152.401 110.405 98.174 121.913 139.346 144.039 159.392 187.264 171.631 181.84 167.501 147.022 109.585 112.824 106.666 124.339 156.343 138.702 114.069 152.398 141.624 115.677 122.291 169.551 222.653 229.665 211.651 222.223 247.804 268.866
211.476 158.362 149.105 152.72 169.121 183.768 204.489 222.158 224.547 227.973 228.575 216.316 204.511 211.624 198.338 203.457 203.639 214.769 224.341 223.473 231.218 238.502 231.499 223.671 206.559 202.666 202.38 213.448 221.402 233.25 245.872 226.277 228.044 228.603 240.225 230.308 231.055 270.677 315.409 307.59 225.024 213.993 189.782 155.334 108.767 98.1962 125.871 126.548 136.166 143.226 157.152 154.834 172.629 169.695 136.326 130.152 122.085 108.026 115.413 235.044 226.867 156.301 197.021 156.528 150.701 223.156 271.831 294.598 263.44 271.776 277.417 303.314 288.115
245.869 188.886 174.71 193.298 201.928 207.108 208.823 214.547 221.278 227.423 225.701 201.338 195.385 192.976 187.334 205.293 205.535 217.705 222.081 217.718 227.367 240.862 231.816 205.078 204.549 199.368 197.841 227.471 233.218 239.93 244.307 226.44 233.935 228.132 230.822 221.559 231.687 274.284 316.653 291.719 274.86 268.962 210.886 145.591 102.652 88.8394 113.433 118.514 123.968 120.205 129.751 142.1 152.609 154.056 130.872 138.247 139.787 142.034 204.505 416.254 466.838 437.633 385.469 221.3 255.803 342.112 391.39 393.303 350.041 332.972 352.542 362.337 330.076
284.524 219.98 177.275 182.813 214.18 222.555 219.138 206.192 210.462 212.997 229.603 207.187 196.83 189.051 194.643 201.906 195.941 202.053 198.126 199.454 219.116 244.805 239.505 208.718 199.603 205.144 209.234 216.845 224.761 225.357 223.175 208.413 224.435 227.9 233.849 230.534 232.312 257.837 278.138 262.621 283.53 245.171 196.768 142.809 144.666 137.472 154.94 171.85 144.635 116.418 119.186 147.183 142.488 143.444 139.258 147.56 133.137 117.446 136.92 297.858 522.822 613.097 513.117 339.601 382.577 438.092 454.417 457.542 388.22 374.626 399.562 373.863 331.21
301.747 265.085 201.534 186.786 206.425 225.519 227.419 214.421 205.269 193.266 208.351 201.026 199.713 196.423 200.411 201.615 203.677 208.959 212.716 206.121 208.868 225.807 221.975 207.468 208.554 215.2 221.191 211.355 210.774 211.879 221.926 217.351 223.736 222.237 231.512 240.067 231.35 245.522 245.474 208.11 229.813 230.424 195.569 191.451 225.816 189.941 219.993 248.396 203.039 168.514 126.755 150.456 165.231 161.426 161.406 154.746 156.792 146.542 147.148 247.276 437.447 549.716 516.065 414.502 450.172 485.303 479.229 428.96 355.75 356.609 377.972 376.84 367.324
314.945 322.988 261.626 219.341 204.338 214.501 232.869 222.37 208.934 199.979 207.46 209.971 206.57 201.377 202.3 206.7 214.506 220.629 219.634 216.003 214.506 220.936 210.44 200.17 197.488 209.19 209.947 206.764 205.007 211.861 224.476 225.935 230.378 229.873 231.949 244.82 250.138 247.29 227.397 194.419 200.698 224.924 205.076 206.442 223.841 233.91 253.015 247.065 269.213 249.296 174.322 195.386 250.461 303.432 288.133 223.59 230.297 238.26 229.651 326.264 462.802 526.466 539.716 478.271 473.778 418.945 406.23 381.263 361.09 350.59 358.01 375.482 395.679
307.127 329.118 321.23 254.252 208.789 207.202 233.668 225.441 213.377 200.701 192.852 185.853 201.288 199.663 205.902 209.39 213.387 219.699 219.747 218.656 222.073 226.223 227.768 206.213 196.628 197.897 192.633 205.532 210.554 220.317 226.107 227.58 225.232 226.949 242.41 243.522 262.95 246.734 232.837 204.091 215.662 217.683 211.061 229.407 241.352 254.698 247.602 263.027 316.639 260.022 194.111 228.753 314.375 417.889 449.058 392.0 389.313 389.583 381.756 465.31 575.175 573.957 529.2 473.356 444.923 383.0 368.563 355.951 340.494 320.792 343.978 374.261 402.633
291.578 306.542 325.806 273.841 212.241 206.944 217.758 218.094 212.71 198.265 189.408 182.149 194.869 189.583 195.106 201.201 208.335 227.471 226.068 223.467 238.999 238.413 255.777 220.777 202.941 205.99 209.157 208.699 215.114 223.966 231.651 231.461 231.804 241.271 262.838 236.126 245.175 226.243 225.942 233.328 257.888 245.749 243.214 261.897 250.973 233.264 219.499 264.591 292.169 231.528 187.353 223.362 308.452 404.375 465.084 446.208 435.509 386.062 392.381 434.922 505.517 551.211 503.452 479.664 454.908 394.832 360.207 341.067 308.718 309.492 329.004 342.377 371.029
284.638 302.748 317.617 302.222 257.912 232.917 219.839 224.395 230.441 208.28 206.59 209.89 214.605 202.59 209.028 201.623 206.369 216.327 227.352 226.737 235.984 216.198 232.612 220.551 202.779 211.587 210.738 208.676 224.597 226.94 231.986 217.054 216.812 231.755 249.996 238.816 248.474 229.431 236.858 243.791 259.078 260.487 255.484 267.839 257.213 226.697 234.222 278.934 292.814 225.743 194.061 216.298 295.439 372.449 440.078 425.083 385.033 279.699 297.632 353.162 379.882 465.921 489.381 482.123 457.747 396.496 350.913 326.83 292.814 300.148 300.003 305.157 363.696
288.915 309.029 338.8 335.421 305.941 276.596 235.475 228.37 231.778 236.75 232.674 228.392 216.546 206.175 208.604 198.48 214.172 225.859 233.116 227.586 251.435 227.271 226.783 224.909 215.657 215.142 218.857 220.1 227.605 230.379 219.978 201.969 220.346 234.996 238.477 230.833 230.924 224.408 219.97 231.862 246.114 252.632 264.476 270.774 252.18 228.483 241.692 282.707 269.682 224.358 205.094 232.353 299.756 350.57 369.135 329.692 286.765 229.272 223.355 281.642 343.862 418.356 433.119 450.606 448.106 368.965 344.444 334.262 283.168 290.849 293.715 307.785 333.659
301.84 308.067 333.836 352.69 338.032 297.221 236.016 223.975 236.991 267.624 261.209 254.574 236.393 244.896 236.847 208.466 240.494 264.07 268.306 258.37 271.731 241.427 246.881 249.139 243.531 243.121 243.312 241.072 244.171 235.137 226.368 222.92 223.929 244.341 242.242 250.022 227.784 229.697 226.273 231.91 249.53 266.396 272.098 257.481 248.815 221.787 234.418 246.369 239.453 225.431 217.03 241.954 297.019 323.901 329.584 303.823 265.084 232.662 225.678 264.541 331.336 386.215 402.126 414.059 424.771 389.8 349.842 331.439 312.337 311.433 322.642 308.767 296.051
335.507 307.292 304.917 334.545 349.551 307.949 264.58 243.477 225.416 262.346 277.29 293.689 293.557 299.498 292.19 274.621 287.505 313.668 307.822 284.051 286.925 276.003 269.559 276.631 280.372 273.754 288.366 267.824 270.422 256.354 242.361 226.678 233.515 239.391 229.629 237.426 233.957 239.361 238.873 243.184 259.51 281.046 272.471 245.61 236.455 233.103 239.702 223.47 229.101 241.489 242.008 252.37 265.596 297.117 314.578 278.522 245.531 250.159 261.072 248.288 310.823 368.058 382.314 392.094 404.555 421.23 362.369 326.972 292.918 283.596 296.137 289.393 264.388
369.873 346.804 333.504 329.942 345.71 335.705 296.021 265.702 250.492 289.943 331.187 320.444 334.487 323.943 308.434 324.339 342.511 353.976 359.076 346.009 324.302 321.518 311.129 314.398 319.019 291.988 290.64 259.965 264.482 256.732 256.853 242.491 240.136 238.131 216.09 222.107 235.34 244.7 246.331 250.891 258.676 272.401 276.442 266.291 254.226 257.297 267.176 242.804 232.519 248.926 254.597 265.317 258.833 294.685 331.062 282.664 249.699 268.697 279.819 273.971 326.34 395.975 390.173 384.238 389.84 380.11 332.02 310.069 281.928 295.681 287.962 267.891 228.911
395.249 378.144 374.242 353.075 355.379 339.853 320.447 285.616 246.323 301.582 347.091 358.376 367.661 355.638 306.417 339.36 366.75 381.769 391.962 377.971 339.153 339.334 323.227 331.978 325.17 288.086 304.354 286.699 283.109 249.324 244.318 232.242 235.247 233.228 219.865 224.503 247.664 249.627 260.908 271.89 268.323 264.412 266.575 259.776 262.214 273.038 283.194 258.927 234.971 228.917 244.301 245.696 251.194 271.661 308.308 277.281 238.046 263.87 286.73 283.069 347.059 399.538 385.21 385.731 385.465 357.424 328.376 302.641 259.546 290.003 289.572 279.263 246.268
374.238 388.341 381.638 357.664 362.02 363.16 357.083 327.746 304.312 339.905 371.713 374.073 384.116 368.445 354.349 366.619 387.063 393.541 402.08 367.969 366.153 376.114 339.48 337.013 335.303 288.551 285.048 283.534 286.017 263.447 247.932 231.889 232.408 232.575 221.234 227.05 253.859 250.889 254.833 263.859 276.199 279.252 272.253 272.362 278.054 294.442 296.617 274.125 265.051 257.863 267.149 266.79 291.47 307.422 323.302 295.661 269.889 281.864 302.716 304.427 359.73 371.089 369.285 378.997 379.24 356.284 341.342 334.002 288.398 291.211 275.529 271.011 241.386
343.415 358.319 374.197 378.046 379.57 375.841 368.721 343.479 328.725 332.723 364.423 363.19 386.849 388.86 390.687 368.101 369.234 375.559 391.201 370.295 376.185 374.57 354.318 331.34 319.83 285.276 260.794 256.105 265.768 266.894 254.619 234.062 229.842 226.119 215.353 215.521 241.976 251.976 246.507 251.816 271.802 289.869 267.953 271.504 279.088 294.569 287.337 278.116 294.188 296.624 306.752 298.418 313.846 333.23 335.221 308.572 289.15 283.565 270.36 279.872 334.557 375.618 352.319 350.529 332.808 333.79 331.588 320.628 293.225 302.407 288.981 282.557 247.211
348.811 307.999 317.853 333.011 321.135 345.811 377.439 373.665 349.274 324.61 357.187 376.864 394.073 389.297 386.835 380.454 366.984 374.092 364.757 356.713 362.11 356.168 349.107 340.392 317.963 290.421 252.595 256.52 263.566 264.606 257.63 236.51 227.671 229.466 223.396 224.652 242.692 246.074 253.633 255.884 279.722 278.906 277.622 269.413 282.909 304.364 305.853 312.695 316.774 309.453 312.225 311.296 335.78 334.585 329.32 304.449 297.693 290.897 286.646 310.226 355.884 375.515 363.247 348.775 310.539 319.122 322.627 337.592 325.748 346.684 336.141 301.186 267.692
391.432 328.165 313.904 348.603 352.936 331.514 343.234 357.635 345.106 292.134 319.446 359.485 364.806 354.461 347.473 343.97 356.937 377.568 357.655 376.168 362.487 349.325 357.936 354.184 309.431 271.265 231.381 252.206 270.579 282.186 309.774 286.77 245.339 243.284 263.927 250.39 261.524 256.56 273.286 257.842 255.556 242.59 247.775 257.6 274.985 288.643 315.791 343.335 336.637 328.138 322.084 332.31 328.871 320.757 328.122 321.882 316.254 309.484 301.885 327.16 349.21 370.271 367.458 352.85 320.861 332.78 329.665 325.456 324.235 367.842 351.903 310.104 287.188
401.31 399.31 397.97 404.769 424.715 372.454 356.463 329.075 300.506 248.916 270.922 295.167 304.118 300.26 300.393 300.427 303.702 316.346 312.859 357.418 349.494 346.527 354.466 346.279 309.969 284.384 264.737 269.961 304.449 312.128 332.577 331.674 281.943 282.024 307.06 294.8 291.293 275.26 287.718 282.864 258.336 249.594 258.079 258.291 278.455 305.747 319.935 342.875 346.392 338.723 321.496 331.692 322.202 325.701 332.577 333.02 319.279 302.828 288.295 309.117 328.771 356.382 353.344 340.002 325.645 342.956 318.024 312.889 319.086 335.013 355.705 348.714 349.44
391.929 415.016 456.812 442.207 441.348 387.264 389.408 358.209 319.288 290.518 283.446 264.579 267.573 262.308 262.765 253.58 259.919 266.12 282.942 309.096 301.236 290.714 311.024 331.065 301.355 317.432 310.232 288.947 305.691 311.083 314.42 315.697 281.555 302.8 305.806 299.65 277.95 275.114 290.819 282.538 269.449 256.276 251.723 254.835 275.927 308.416 315.98 332.241 334.226 326.378 315.098 335.336 340.377 335.074 322.471 320.565 313.675 300.395 293.023 302.676 311.043 324.972 340.511 364.042 346.728 353.421 334.166 333.707 333.559 334.702 356.686 357.528 360.762
415.802 398.461 427.093 433.249 458.443 417.078 400.12 384.262 355.308 350.793 335.205 292.902 267.598 247.611 256.237 248.034 249.656 251.884 270.766 279.307 271.429 262.034 281.148 341.112 361.607 376.713 346.195 327.445 322.16 332.631 332.303 335.063 321.462 312.09 293.134 290.796 277.693 265.85 276.097 283.093 280.179 261.297 246.212 250.189 270.591 301.913 298.201 315.294 316.179 314.407 305.796 327.403 346.787 331.878 322.093 313.054 317.422 305.509 302.638 313.115 319.604 305.545 326.005 337.988 326.7 337.137 335.663 350.102 340.945 332.066 365.657 375.071 366.795
423.261 404.02 406.767 401.633 419.825 395.022 362.201 351.873 335.609 340.129 338.995 312.18 280.772 250.213 240.143 258.425 250.062 236.411 240.249 243.217 246.86 239.052 286.238 353.916 369.694 376.53 366.505 342.412 319.721 329.441 339.453 350.518 355.275 351.388 322.185 293.654 279.131 272.396 265.852 271.427 277.848 259.854 255.224 263.374 270.395 287.707 293.132 316.775 326.657 316.634 306.623 301.762 307.877 301.856 299.719 306.37 322.98 292.566 303.833 319.474 327.868 315.974 321.25 318.528 312.202 302.631 300.161 330.58 330.264 330.125 347.057 355.434 354.257
413.166 403.585 421.904 418.481 407.351 369.709 340.926 321.991 296.178 312.207 339.612 343.315 307.592 269.014 246.767 258.711 254.828 235.92 229.506 214.167 221.343 225.213 271.266 312.012 320.769 328.245 324.628 299.671 291.61 339.518 338.472 341.469 345.249 343.217 324.458 273.941 275.792 285.477 274.432 274.948 289.69 269.677 268.946 284.703 276.966 274.25 285.208 331.009 332.409 315.165 297.799 286.609 292.291 320.077 307.393 295.849 309.512 303.506 311.0 312.727 315.782 310.133 305.478 304.285 309.73 294.668 299.889 325.6 307.864 313.837 327.995 352.07 344.948
423.852 419.015 436.244 437.343 415.749 395.997 345.658 316.62 284.59 301.958 338.851 348.867 332.315 306.757 300.404 284.304 263.903 238.562 222.177 209.67 206.188 196.877 229.972 249.848 257.939 278.495 286.376 262.437 280.389 323.831 302.466 288.225 288.899 296.162 277.063 240.715 260.826 274.344 277.318 264.758 283.684 277.462 269.949 288.782 290.177 271.179 282.526 301.442 309.094 320.845 326.938 305.481 305.372 332.506 318.422 297.602 289.343 304.009 315.175 317.872 308.641 302.174 307.981 304.487 300.38 296.338 292.891 302.239 290.815 299.087 305.256 326.88 328.246
410.934 405.429 409.307 412.511 391.344 368.701 355.271 341.529 309.204 325.508 363.02 370.421 361.477 332.042 333.736 318.362 285.693 256.96 239.241 219.812 205.892 197.313 219.264 233.005 252.661 260.787 258.419 251.164 258.384 273.815 260.628 242.909 255.038 259.37 244.995 229.492 240.363 247.519 245.456 255.852 283.87 275.208 265.692 291.872 310.97 293.392 295.564 299.278 305.257 322.706 328.707 312.755 307.683 345.425 333.216 301.473 273.629 289.822 316.243 330.452 312.246 291.475 300.074 296.48 287.476 293.749 291.95 297.169 293.456 287.305 270.637 278.431 292.492
433.752 449.909 447.649 420.527 400.775 374.469 368.875 364.749 354.888 371.762 391.813 381.586 385.405 352.525 356.465 347.301 316.477 278.307 259.948 234.723 227.46 202.369 213.147 230.995 283.774 295.098 258.521 252.454 245.414 260.616 266.815 272.152 263.176 250.538 225.428 222.51 232.353 232.285 241.652 252.034 276.084 248.052 237.712 260.813 281.977 283.264 288.371 312.753 305.84 322.434 308.366 313.223 313.269 320.201 332.143 309.3 281.587 283.467 314.653 329.633 317.797 296.863 304.805 296.609 285.225 277.849 284.427 294.693 294.549 289.033 262.26 269.755 273.702
