pygmi/test/tc.asc
ncols 			232
nrows 			481
xllcorner 			-20187.5000000001
yllcorner 			-2823315.0
cellsize 			125.0
nodata_value 		1e+20
[rows 320 to 351 of 481, columns 0 to 72 of 232]
1e+20 1e+20 1e+20 1e+20 1e+20 1e+20 1e+20 1e+20 1e+20 1e+20 1e+20 1e+20 1e+20 1e+20 1e+20 1e+20 1e+20 1e+20 1e+20 1e+20 221.679 207.1 208.415 208.063 193.382 197.974 193.333 183.505 185.247 188.017 174.33 180.567 188.914 181.58 166.894 163.325 170.623 165.135 152.67 153.2 161.309 182.233 167.621 172.047 161.401 159.471 162.508 146.98 136.037 145.847 167.392 162.243 163.4 162.855 156.889 156.554 164.426 164.451 155.747 155.486 155.763 160.12 164.013 142.417 155.32 155.771 171.23 172.12 164.773 155.933 151.45 169.341 184.772
1e+20 1e+20 1e+20 1e+20 1e+20 1e+20 1e+20 1e+20 1e+20 1e+20 1e+20 1e+20 1e+20 1e+20 1e+20 1e+20 1e+20 1e+20 1e+20 1e+20 230.659 212.299 196.952 208.173 200.881 199.267 196.048 191.612 193.002 194.019 179.126 186.355 192.697 190.8 183.391 167.238 166.539 166.013 164.712 161.044 172.76 195.426 173.196 163.659 161.27 157.761 157.282 147.667 146.36 148.769 169.591 169.018 166.94 161.882 155.51 148.804 145.029 146.092 145.435 167.087 168.601 161.856 162.089 165.505 182.047 175.496 167.99 168.52 173.262 167.184 163.457 167.971 176.033
1e+20 1e+20 1e+20 1e+20 1e+20 1e+20 1e+20 1e+20 1e+20 1e+20 1e+20 1e+20 1e+20 1e+20 1e+20 1e+20 1e+20 1e+20 1e+20 1e+20 209.344 210.161 196.062 196.759 194.479 187.136 183.374 190.362 186.024 182.168 171.179 182.014 192.455 191.266 193.104 177.534 153.113 140.005 146.34 149.339 161.859 178.073 162.241 157.785 152.777 143.778 134.21 129.59 147.005 136.922 153.118 165.643 170.593 159.917 158.578 155.665 165.851 147.548 145.14 159.368 173.253 161.088 167.841 176.66 180.245 171.992 153.978 165.603 169.584 167.455 164.638 153.557 156.314
1e+20 1e+20 1e+20 1e+20 1e+20 1e+20 1e+20 1e+20 1e+20 1e+20 1e+20 1e+20 1e+20 1e+20 1e+20 1e+20 1e+20 1e+20 1e+20 1e+20 205.955 206.459 190.893 191.089 182.718 176.771 185.277 189.376 181.139 184.911 193.445 201.012 194.875 180.396 189.747 166.532 140.05 127.502 137.532 146.413 158.728 176.924 169.613 163.301 152.587 140.017 116.336 108.583 133.565 137.721 148.768 165.959 171.719 165.221 162.109 164.321 169.611 158.365 146.33 143.479 162.495 165.279 186.043 186.6 171.334 167.215 160.945 163.716 164.194 165.238 164.337 169.52 171.019
1e+20 1e+20 1e+20 1e+20 1e+20 1e+20 1e+20 1e+20 1e+20 1e+20 1e+20 1e+20 1e+20 1e+20 1e+20 1e+20 1e+20 1e+20 1e+20 1e+20 207.933 207.751 188.598 166.686 167.811 173.469 184.534 197.489 193.253 199.809 211.6 198.133 178.964 144.33 151.044 151.678 140.202 141.228 142.407 152.917 166.254 160.787 168.827 172.888 166.956 157.217 132.04 119.38 142.94 146.497 153.32 167.711 160.995 153.705 158.302 166.08 172.49 171.338 161.757 158.984 173.467 182.811 191.793 195.997 174.127 158.432 166.948 171.593 159.72 170.631 182.31 184.169 190.592
1e+20 1e+20 1e+20 1e+20 1e+20 1e+20 1e+20 1e+20 1e+20 1e+20 1e+20 1e+20 1e+20 1e+20 1e+20 1e+20 1e+20 1e+20 1e+20 1e+20 208.363 199.089 178.705 161.439 161.697 174.036 191.189 198.941 199.988 190.872 201.331 192.141 201.835 164.35 154.266 180.208 183.088 179.615 164.009 160.679 166.344 132.442 154.518 171.292 171.37 157.375 140.551 138.761 142.44 142.172 152.887 163.549 167.765 165.536 161.635 167.276 170.396 166.941 156.915 162.571 168.452 179.688 181.343 182.265 169.147 150.416 157.196 174.192 164.923 175.241 192.31 181.592 188.521
1e+20 1e+20 1e+20 1e+20 1e+20 1e+20 1e+20 1e+20 1e+20 1e+20 1e+20 1e+20 1e+20 1e+20 1e+20 1e+20 1e+20 1e+20 1e+20 1e+20 206.622 199.34 195.41 176.391 160.506 162.772 174.243 189.465 196.761 198.535 192.998 197.944 204.174 178.194 169.12 184.45 201.91 178.527 154.346 146.368 152.034 137.562 153.032 160.677 164.815 155.749 156.545 152.956 142.562 141.787 151.164 158.501 170.353 175.252 165.371 180.588 169.877 167.033 168.572 168.607 167.515 201.745 190.591 175.416 167.454 146.159 140.148 153.073 165.867 166.396 170.982 172.335 178.6
1e+20 1e+20 1e+20 1e+20 1e+20 1e+20 1e+20 1e+20 1e+20 1e+20 1e+20 1e+20 1e+20 1e+20 1e+20 1e+20 1e+20 1e+20 1e+20 1e+20 213.079 210.009 212.336 170.03 165.145 161.302 164.424 194.36 208.897 218.146 203.394 198.668 202.582 182.648 175.975 169.456 183.623 158.74 138.543 134.957 143.472 134.032 143.231 151.092 164.108 160.805 155.559 157.611 134.443 133.603 151.541 158.601 164.232 183.898 167.664 167.304 150.914 153.031 153.966 170.383 171.854 181.326 182.006 165.284 159.876 146.527 156.185 167.236 182.292 170.481 166.481 162.712 162.124
1e+20 1e+20 1e+20 1e+20 1e+20 1e+20 1e+20 1e+20 1e+20 1e+20 1e+20 1e+20 1e+20 1e+20 1e+20 1e+20 1e+20 1e+20 1e+20 1e+20 220.655 220.145 223.857 203.554 189.336 166.503 178.846 199.04 204.85 205.071 197.193 185.541 199.79 179.744 179.012 174.259 189.286 166.229 148.998 129.942 129.312 138.103 140.699 140.19 161.269 166.081 152.892 141.812 119.05 137.457 152.357 160.36 157.095 160.849 150.269 145.322 138.355 145.509 142.783 150.053 159.404 150.732 168.378 147.045 137.952 141.461 158.898 164.491 170.983 149.258 146.004 151.878 153.271
1e+20 1e+20 1e+20 1e+20 1e+20 1e+20 1e+20 1e+20 1e+20 1e+20 1e+20 1e+20 1e+20 1e+20 1e+20 1e+20 1e+20 1e+20 1e+20 1e+20 221.837 212.9 204.242 213.446 189.595 168.719 189.67 190.824 191.131 189.568 201.171 211.806 229.222 202.338 188.316 169.038 178.141 168.372 171.162 144.621 146.794 159.691 151.04 150.3 173.335 178.754 165.952 151.043 136.19 133.961 150.167 162.061 151.727 138.842 129.311 135.509 125.341 134.952 147.053 130.911 145.251 162.92 185.02 141.332 123.248 132.775 147.412 147.525 168.928 155.45 146.159 149.154 149.986
1e+20 1e+20 1e+20 1e+20 1e+20 1e+20 1e+20 1e+20 1e+20 1e+20 1e+20 1e+20 1e+20 1e+20 1e+20 1e+20 1e+20 1e+20 1e+20 1e+20 225.127 211.237 188.041 196.599 179.453 165.168 181.341 176.002 180.186 184.326 196.703 203.101 209.616 209.274 206.765 186.624 172.802 172.706 180.721 173.558 176.262 171.039 175.694 168.789 184.015 192.603 181.503 167.749 158.545 130.202 145.291 155.714 123.05 117.052 118.476 132.585 125.063 120.938 132.668 125.693 135.059 157.743 161.185 135.743 128.459 148.875 164.051 142.017 147.932 144.895 138.322 135.925 140.313
1e+20 1e+20 1e+20 1e+20 1e+20 1e+20 1e+20 1e+20 1e+20 1e+20 1e+20 1e+20 1e+20 1e+20 1e+20 1e+20 1e+20 1e+20 1e+20 1e+20 217.8 203.003 195.397 203.725 193.014 178.169 195.46 187.188 179.567 182.728 198.117 203.327 190.033 209.766 207.764 203.832 189.105 180.928 186.028 176.89 176.218 158.229 172.182 176.338 185.975 193.367 192.93 176.143 171.981 157.047 153.024 151.791 121.687 116.99 128.657 151.736 137.484 123.988 130.685 123.075 128.977 149.932 148.45 146.304 148.951 169.013 178.016 154.839 143.261 143.658 138.949 133.071 130.389
1e+20 1e+20 1e+20 1e+20 1e+20 1e+20 1e+20 1e+20 1e+20 1e+20 1e+20 1e+20 1e+20 1e+20 1e+20 1e+20 1e+20 1e+20 1e+20 1e+20 214.678 212.867 205.63 200.872 193.4 192.938 195.303 179.882 175.81 182.791 192.813 210.499 202.985 198.37 194.256 204.112 205.186 179.444 173.528 170.622 166.374 165.293 164.982 169.354 169.329 180.754 183.748 184.17 192.348 171.456 163.37 153.074 123.945 125.911 136.385 168.242 147.656 138.748 144.566 127.183 134.186 145.034 159.073 163.812 157.746 162.405 171.679 163.447 157.872 154.281 144.444 127.079 132.696
1e+20 1e+20 1e+20 1e+20 1e+20 1e+20 1e+20 1e+20 1e+20 1e+20 1e+20 1e+20 1e+20 1e+20 1e+20 1e+20 1e+20 1e+20 1e+20 1e+20 207.277 222.169 212.161 204.658 212.588 209.544 206.502 189.051 185.229 194.581 208.547 216.478 218.495 200.21 197.459 201.034 201.966 186.146 166.836 165.94 167.753 180.285 172.703 153.705 139.585 142.025 157.24 175.303 200.898 189.63 180.64 175.129 155.559 153.432 152.317 157.885 140.838 150.206 142.045 125.595 134.06 150.634 174.929 180.878 161.761 157.505 184.088 173.878 169.074 156.212 152.804 143.507 152.552
1e+20 1e+20 1e+20 1e+20 1e+20 1e+20 1e+20 1e+20 1e+20 1e+20 1e+20 1e+20 1e+20 1e+20 1e+20 1e+20 1e+20 1e+20 1e+20 1e+20 213.959 208.602 211.019 213.135 213.005 215.065 213.738 200.331 193.673 193.996 190.347 207.229 223.23 203.471 199.668 195.195 196.946 198.88 180.8 187.359 163.705 164.362 159.112 147.974 155.142 150.315 151.519 170.885 192.433 194.676 189.363 188.368 176.318 172.998 166.679 163.467 155.723 147.242 141.91 134.855 137.626 149.015 167.727 166.571 159.924 177.684 162.853 157.866 161.833 161.058 162.995 156.185 153.992
1e+20 1e+20 1e+20 1e+20 1e+20 1e+20 1e+20 1e+20 1e+20 1e+20 1e+20 1e+20 1e+20 1e+20 1e+20 1e+20 1e+20 1e+20 1e+20 1e+20 215.684 216.89 218.375 215.49 212.86 223.096 232.83 238.546 211.715 202.674 184.364 211.731 213.087 186.96 181.636 182.456 198.997 193.261 192.242 181.883 164.348 157.552 167.311 167.035 174.442 167.418 170.306 177.484 198.701 206.247 203.737 189.114 184.07 180.113 178.354 172.947 170.725 164.832 155.681 145.607 146.449 157.995 169.425 164.586 164.289 171.624 138.372 141.204 150.69 151.741 143.402 146.551 133.015
1e+20 1e+20 1e+20 1e+20 1e+20 1e+20 1e+20 1e+20 1e+20 1e+20 1e+20 1e+20 1e+20 1e+20 1e+20 1e+20 1e+20 1e+20 1e+20 1e+20 224.286 216.282 223.349 214.861 214.106 226.939 240.601 228.375 200.485 200.227 202.168 232.943 208.469 188.967 178.255 188.319 184.579 174.874 193.446 189.052 181.929 190.247 198.003 192.885 207.063 198.59 200.785 197.022 210.882 226.397 236.764 223.638 210.48 198.274 185.981 177.855 172.41 174.332 171.375 160.124 158.164 164.62 164.72 160.916 152.281 145.313 135.831 136.076 143.054 140.815 117.917 139.678 139.699
1e+20 1e+20 1e+20 1e+20 1e+20 1e+20 1e+20 1e+20 1e+20 1e+20 1e+20 1e+20 1e+20 1e+20 1e+20 1e+20 1e+20 1e+20 1e+20 1e+20 227.566 205.084 220.018 224.78 202.758 213.148 217.739 210.729 200.442 201.15 198.295 211.827 195.496 171.941 184.549 191.838 184.906 192.71 214.419 201.749 204.252 210.38 202.636 202.875 215.17 208.935 207.514 203.04 225.575 248.041 274.19 269.777 262.586 249.323 213.788 199.857 186.308 189.331 183.862 179.475 164.577 158.865 147.217 149.497 131.003 128.688 137.698 135.57 141.608 140.712 133.615 141.22 145.58
1e+20 1e+20 1e+20 1e+20 1e+20 1e+20 1e+20 1e+20 1e+20 1e+20 1e+20 1e+20 1e+20 1e+20 1e+20 1e+20 1e+20 1e+20 1e+20 1e+20 230.042 222.927 233.947 238.261 213.472 210.378 202.458 202.444 200.301 196.049 201.585 200.066 186.36 188.408 201.614 179.251 196.019 202.537 205.464 188.011 205.408 184.745 197.245 213.117 235.949 226.708 217.739 203.933 213.753 252.281 302.81 314.119 310.008 295.504 272.503 249.523 232.046 215.819 189.379 172.748 165.279 158.007 137.287 129.971 117.975 125.117 130.695 126.803 133.744 147.311 157.844 163.948 152.302
1e+20 1e+20 1e+20 1e+20 1e+20 1e+20 1e+20 1e+20 1e+20 1e+20 1e+20 1e+20 1e+20 1e+20 1e+20 1e+20 1e+20 1e+20 1e+20 1e+20 234.626 239.162 263.566 258.475 218.553 199.666 210.248 209.887 210.54 211.007 226.938 195.877 207.091 223.216 206.279 203.24 220.803 213.825 212.977 187.192 225.165 220.86 236.713 270.09 278.703 249.809 230.145 215.507 206.709 259.24 296.317 330.791 329.876 328.811 319.531 285.169 267.199 250.101 206.62 179.546 174.241 160.207 151.737 133.132 126.86 138.948 136.303 128.823 125.418 153.981 175.148 173.049 154.079
1e+20 1e+20 1e+20 1e+20 1e+20 1e+20 1e+20 1e+20 1e+20 1e+20 1e+20 1e+20 1e+20 1e+20 1e+20 1e+20 1e+20 1e+20 1e+20 1e+20 231.719 229.064 245.631 271.867 233.817 191.338 217.111 225.372 231.645 239.078 245.209 224.494 229.812 243.127 221.707 232.906 227.53 231.905 248.483 260.486 296.487 305.971 305.02 331.755 328.488 286.585 254.234 232.568 249.839 307.573 335.071 327.346 304.222 324.188 322.358 328.058 313.48 285.898 237.626 191.078 182.331 160.881 163.401 146.046 140.915 145.771 141.857 144.408 145.559 160.889 171.473 173.122 162.91
1e+20 1e+20 1e+20 1e+20 1e+20 1e+20 1e+20 1e+20 1e+20 1e+20 1e+20 1e+20 1e+20 1e+20 1e+20 1e+20 1e+20 1e+20 1e+20 1e+20 228.729 211.236 215.976 230.548 247.45 235.571 227.127 239.926 248.405 254.925 269.875 262.572 262.106 274.983 227.278 217.444 221.93 254.452 295.144 325.35 346.734 341.155 334.817 363.913 344.613 314.126 302.913 286.13 287.473 313.652 331.292 338.455 353.719 345.592 302.643 309.45 318.175 314.946 276.758 216.797 207.512 168.615 160.198 147.453 147.416 145.628 140.597 154.775 161.222 165.402 159.317 172.587 176.027
1e+20 1e+20 1e+20 1e+20 1e+20 1e+20 1e+20 1e+20 1e+20 1e+20 1e+20 1e+20 1e+20 1e+20 1e+20 1e+20 1e+20 1e+20 1e+20 1e+20 1e+20 224.712 230.14 215.737 232.588 216.488 237.39 255.615 257.352 243.226 267.092 271.171 281.286 283.893 245.508 244.126 265.629 305.393 342.975 364.44 381.309 351.429 359.397 368.378 346.871 337.784 338.261 326.428 325.695 319.768 351.508 353.098 367.334 341.759 319.947 313.109 341.814 338.811 314.483 251.108 206.431 173.332 159.922 149.247 153.704 152.0 145.962 157.539 164.258 166.487 163.571 174.093 175.331
1e+20 1e+20 1e+20 1e+20 1e+20 1e+20 1e+20 1e+20 1e+20 1e+20 1e+20 1e+20 1e+20 1e+20 1e+20 1e+20 1e+20 1e+20 1e+20 1e+20 1e+20 232.656 232.699 231.989 258.476 247.291 248.973 271.646 268.558 259.305 276.62 272.523 287.268 298.988 264.698 299.217 315.548 354.299 361.106 361.81 369.123 352.09 373.194 375.12 369.501 356.001 366.71 359.276 360.656 325.135 333.531 331.048 350.01 357.604 349.637 330.142 345.057 347.144 346.268 278.323 201.754 164.272 145.494 142.826 165.527 165.411 150.798 161.613 168.36 168.959 159.372 162.877 166.952
1e+20 1e+20 1e+20 1e+20 1e+20 1e+20 1e+20 1e+20 1e+20 1e+20 1e+20 1e+20 1e+20 1e+20 1e+20 1e+20 1e+20 1e+20 1e+20 1e+20 1e+20 239.97 235.617 233.334 261.317 275.536 247.975 267.007 271.44 271.924 262.796 253.284 273.614 287.136 282.228 342.209 316.56 331.977 340.366 341.232 348.729 315.916 336.845 341.255 369.475 337.528 325.278 331.353 332.703 330.436 323.852 318.817 321.095 354.033 341.153 338.123 345.511 348.246 332.752 294.265 228.271 170.984 140.277 137.652 151.914 180.195 173.551 173.399 177.284 178.713 169.113 165.631 178.146
1e+20 1e+20 1e+20 1e+20 1e+20 1e+20 1e+20 1e+20 1e+20 1e+20 1e+20 1e+20 1e+20 1e+20 1e+20 1e+20 1e+20 1e+20 1e+20 1e+20 1e+20 252.855 250.363 252.32 261.915 288.616 271.508 276.445 258.027 254.44 251.574 260.535 271.533 289.359 299.337 298.574 246.986 265.974 268.941 270.482 293.401 304.853 322.351 326.952 335.308 317.889 296.922 284.525 289.995 292.124 295.53 299.864 281.478 305.578 298.598 327.417 325.083 332.664 310.913 288.596 251.913 196.743 158.593 153.114 171.626 179.616 175.982 171.436 186.041 186.779 167.597 177.648 186.144
1e+20 1e+20 1e+20 1e+20 1e+20 1e+20 1e+20 1e+20 1e+20 1e+20 1e+20 1e+20 1e+20 1e+20 1e+20 1e+20 1e+20 1e+20 1e+20 1e+20 1e+20 267.264 262.874 258.99 251.16 265.991 291.039 302.698 283.487 263.333 265.557 258.875 266.257 285.727 292.971 280.342 238.203 222.194 218.244 238.406 260.727 287.763 289.209 296.157 290.245 278.923 271.058 237.652 242.812 237.296 254.334 271.865 260.537 280.366 272.019 284.458 267.79 273.805 280.876 267.02 250.579 206.824 171.887 169.109 175.557 172.642 175.91 178.974 194.084 174.567 170.211 191.146 188.598
1e+20 1e+20 1e+20 1e+20 1e+20 1e+20 1e+20 1e+20 1e+20 1e+20 1e+20 1e+20 1e+20 1e+20 1e+20 1e+20 1e+20 1e+20 1e+20 1e+20 1e+20 281.654 271.938 258.251 248.154 262.454 296.397 332.515 335.14 307.223 290.676 277.191 279.243 282.026 264.196 265.045 255.52 224.674 212.603 213.262 218.666 237.837 228.925 231.232 233.839 233.489 253.365 243.888 244.858 225.256 228.952 235.592 226.006 229.747 233.476 254.211 241.552 233.207 227.195 228.285 230.86 206.472 186.135 173.006 172.345 167.405 167.732 174.43 192.61 184.426 171.452 183.475 193.201
1e+20 1e+20 1e+20 1e+20 1e+20 1e+20 1e+20 1e+20 1e+20 1e+20 1e+20 1e+20 1e+20 1e+20 1e+20 1e+20 1e+20 1e+20 1e+20 1e+20 1e+20 296.807 282.603 259.266 247.149 269.222 281.855 309.923 321.02 315.276 302.817 276.778 283.117 275.395 261.234 250.294 233.854 225.31 222.564 220.103 218.217 226.19 219.838 219.195 208.872 212.776 234.023 240.219 234.408 226.523 219.59 220.89 206.606 187.364 186.079 203.405 215.52 208.921 200.691 201.462 224.082 206.856 200.993 179.197 167.303 165.86 169.384 182.074 200.252 195.287 176.4 176.583 193.035
1e+20 1e+20 1e+20 1e+20 1e+20 1e+20 1e+20 1e+20 1e+20 1e+20 1e+20 1e+20 1e+20 1e+20 1e+20 1e+20 1e+20 1e+20 1e+20 1e+20 1e+20 310.066 292.7 257.51 239.254 253.647 264.498 265.62 279.583 281.038 275.602 260.713 263.906 267.522 260.239 244.121 235.046 229.136 222.735 219.253 214.088 210.276 199.133 205.622 202.208 206.022 219.426 223.129 223.735 230.477 219.59 210.37 203.906 176.903 192.06 185.042 207.847 219.636 221.561 205.869 225.31 200.218 210.398 199.883 172.542 177.182 178.913 180.838 186.314 184.628 176.857 185.186 176.942
1e+20 1e+20 1e+20 1e+20 1e+20 1e+20 1e+20 1e+20 1e+20 1e+20 1e+20 1e+20 1e+20 1e+20 1e+20 1e+20 1e+20 1e+20 1e+20 1e+20 1e+20 315.301 281.872 249.494 237.169 258.686 265.335 247.434 258.019 252.908 263.255 262.805 251.061 259.041 248.939 234.081 230.251 231.229 227.365 236.539 228.519 221.197 214.91 203.353 199.463 193.851 198.441 203.401 205.59 214.713 213.204 203.127 201.789 184.534 207.048 228.099 237.065 229.567 243.087 212.369 235.185 223.278 230.36 223.539 192.61 194.048 174.726 174.069 176.917 193.359 194.51 203.052 185.675
1e+20 1e+20 1e+20 1e+20 1e+20 1e+20 1e+20 1e+20 1e+20 1e+20 1e+20 1e+20 1e+20 1e+20 1e+20 1e+20 1e+20 1e+20 1e+20 1e+20 1e+20 332.643 285.601 255.86 236.198 252.815 255.913 241.389 257.643 242.422 262.862 279.428 258.062 240.795 244.307 244.587 244.68 246.202 243.752 250.212 247.143 253.673 254.86 214.31 204.918 197.81 195.057 206.354 222.303 217.161 212.02 215.799 219.551 203.965 241.137 293.229 306.008 297.193 325.54 314.009 261.98 218.419 193.945 191.09 176.549 191.104 187.248 181.089 176.862 181.696 188.941 190.567 184.774
