pygmi/test/tc.asc
ncols 			232
nrows 			481
xllcorner 			-20187.5000000001
yllcorner 			-2823315.0
cellsize 			125.0
nodata_value 		1e+20
[rows 416 to 447 of 481, columns 0 to 72 of 232]
1e+20 1e+20 1e+20 1e+20 1e+20 1e+20 1e+20 1e+20 1e+20 1e+20 1e+20 1e+20 1e+20 1e+20 1e+20 1e+20 1e+20 1e+20 268.642 235.903 242.106 219.426 207.011 214.279 228.562 222.487 205.657 207.903 208.97 200.492 230.655 220.752 226.85 244.551 243.542 254.368 266.595 274.165 299.178 322.455 322.74 322.94 330.099 338.895 345.093 361.901 386.294 379.614 385.09 404.772 401.227 383.534 387.849 405.876 390.135 375.464 383.04 371.661 358.921 338.872 334.137 337.493 364.352 341.724 315.336 328.012 324.378 337.087 326.3 307.176 288.014 282.382 317.87
1e+20 1e+20 1e+20 1e+20 1e+20 1e+20 1e+20 1e+20 1e+20 1e+20 1e+20 1e+20 1e+20 1e+20 1e+20 1e+20 1e+20 1e+20 221.163 211.342 217.214 220.171 210.546 215.803 230.289 227.888 219.879 219.782 233.219 221.507 233.929 232.963 240.152 240.106 235.528 238.109 250.46 253.562 272.361 305.628 280.533 290.864 307.0 334.627 340.181 342.573 359.542 359.173 358.055 367.359 355.306 345.444 370.553 387.585 381.278 332.366 343.668 346.983 330.666 326.844 334.725 329.707 342.279 313.383 273.377 310.605 336.989 347.417 332.058 307.24 297.442 299.014 330.532
1e+20 1e+20 1e+20 1e+20 1e+20 1e+20 1e+20 1e+20 1e+20 1e+20 1e+20 1e+20 1e+20 1e+20 1e+20 1e+20 1e+20 1e+20 264.098 234.436 214.132 218.029 224.009 214.091 210.39 232.023 242.132 250.645 253.886 239.556 246.605 260.431 270.149 251.95 249.235 238.58 251.022 256.051 242.863 258.374 266.515 277.082 283.401 319.466 324.444 300.433 309.286 329.015 327.149 323.949 312.334 307.066 318.339 340.229 337.91 320.964 322.794 331.83 328.268 320.077 317.619 326.566 339.854 313.295 302.577 330.038 349.321 363.056 353.39 342.245 320.128 308.403 320.973
1e+20 1e+20 1e+20 1e+20 1e+20 1e+20 1e+20 1e+20 1e+20 1e+20 1e+20 1e+20 1e+20 1e+20 1e+20 1e+20 1e+20 1e+20 283.321 279.118 264.429 241.55 261.824 243.468 229.559 253.001 254.959 269.598 276.037 264.767 283.591 289.8 293.65 274.716 288.092 284.219 281.357 295.532 272.498 270.624 284.485 293.65 309.213 318.536 307.841 287.06 272.668 298.112 302.186 305.398 313.265 302.729 274.614 285.97 298.27 304.628 296.337 300.098 322.246 318.29 316.081 316.078 321.274 321.095 332.987 352.863 358.611 376.454 359.674 334.291 332.825 332.404 351.181
1e+20 1e+20 1e+20 1e+20 1e+20 1e+20 1e+20 1e+20 1e+20 1e+20 1e+20 1e+20 1e+20 1e+20 1e+20 1e+20 1e+20 1e+20 288.945 297.743 315.119 276.357 282.228 272.193 266.232 263.476 256.522 279.531 274.604 257.871 267.17 292.603 309.711 281.885 289.497 310.343 296.022 298.362 293.639 304.551 302.956 306.261 319.705 319.132 299.239 285.822 295.817 317.898 325.299 320.463 322.197 327.025 291.37 267.296 274.507 275.674 271.373 279.934 289.422 294.785 290.174 295.153 299.909 317.936 345.638 363.201 357.425 367.501 358.472 337.044 336.502 333.454 372.123
1e+20 1e+20 1e+20 1e+20 1e+20 1e+20 1e+20 1e+20 1e+20 1e+20 1e+20 1e+20 1e+20 1e+20 1e+20 1e+20 1e+20 1e+20 275.75 278.102 295.285 285.429 292.455 275.917 283.37 277.933 294.027 300.924 288.835 295.659 285.101 291.804 296.43 276.443 262.058 282.687 281.572 288.568 298.439 307.66 307.797 318.141 319.631 320.947 305.642 313.939 322.974 322.572 340.244 326.998 324.503 305.821 304.991 284.676 270.595 269.849 283.414 286.291 267.242 265.711 272.6 285.399 292.763 327.494 360.89 375.511 377.405 364.761 344.169 332.368 345.774 333.659 333.001
1e+20 1e+20 1e+20 1e+20 1e+20 1e+20 1e+20 1e+20 1e+20 1e+20 1e+20 1e+20 1e+20 1e+20 1e+20 1e+20 1e+20 1e+20 287.439 277.417 271.27 268.3 279.991 277.785 264.342 252.397 275.663 280.059 286.646 291.074 296.26 298.1 306.451 272.335 257.991 274.336 291.749 284.189 287.42 308.574 305.617 306.345 294.768 288.56 290.927 307.849 301.365 295.884 305.112 300.619 308.001 278.36 290.573 294.403 288.909 283.955 285.973 318.753 294.62 266.811 264.669 284.687 307.848 360.468 373.505 365.73 393.098 363.844 336.998 344.517 346.572 340.11 302.739
1e+20 1e+20 1e+20 1e+20 1e+20 1e+20 1e+20 1e+20 1e+20 1e+20 1e+20 1e+20 1e+20 1e+20 1e+20 1e+20 1e+20 1e+20 291.008 274.05 240.32 247.413 264.736 264.473 244.6 221.325 259.207 279.375 281.525 260.608 271.845 271.56 257.019 251.676 246.184 252.987 269.805 269.798 270.1 282.602 298.078 319.012 294.64 269.124 289.414 295.83 284.941 301.121 292.018 273.787 300.206 290.646 283.166 266.252 276.011 289.011 280.262 310.324 318.366 291.961 291.749 314.211 355.043 380.738 387.539 369.68 370.584 349.105 330.261 332.814 329.22 336.708 297.236
1e+20 1e+20 1e+20 1e+20 1e+20 1e+20 1e+20 1e+20 1e+20 1e+20 1e+20 1e+20 1e+20 1e+20 1e+20 1e+20 1e+20 1e+20 286.535 258.979 231.881 243.631 262.073 283.587 278.752 282.436 288.443 295.541 279.369 264.226 288.063 289.795 273.701 263.533 264.198 269.686 285.021 295.403 290.426 301.299 314.041 322.759 311.047 282.941 294.053 307.945 307.1 319.089 310.511 290.16 288.549 309.79 292.836 261.852 268.644 281.438 282.53 303.58 328.341 341.197 329.068 336.538 358.399 374.797 373.478 372.07 361.77 352.24 368.796 332.611 298.185 307.702 283.688
1e+20 1e+20 1e+20 1e+20 1e+20 1e+20 1e+20 1e+20 1e+20 1e+20 1e+20 1e+20 1e+20 1e+20 1e+20 1e+20 1e+20 1e+20 298.184 278.037 267.743 273.244 283.799 327.477 339.402 355.535 315.416 300.065 290.632 303.933 319.863 327.292 306.684 312.109 318.287 321.829 328.714 345.314 339.436 367.519 370.64 366.796 350.476 310.649 330.51 333.517 327.578 331.747 347.002 322.826 302.703 306.953 317.665 315.944 304.994 303.007 308.012 311.014 331.997 370.593 359.815 362.494 356.22 370.161 383.487 373.906 374.567 338.73 362.161 317.315 257.661 288.111 305.15
1e+20 1e+20 1e+20 1e+20 1e+20 1e+20 1e+20 1e+20 1e+20 1e+20 1e+20 1e+20 1e+20 1e+20 1e+20 1e+20 1e+20 1e+20 321.662 303.97 305.99 324.978 348.72 370.951 359.335 354.946 336.024 310.708 316.89 318.942 339.222 352.34 328.159 368.532 403.653 378.562 352.718 345.139 392.462 467.136 482.448 450.158 426.827 370.822 332.329 345.372 344.057 337.642 361.929 348.822 323.714 301.575 315.701 336.892 336.113 328.827 333.647 315.842 320.295 340.224 345.782 348.801 350.779 365.172 384.655 394.356 419.627 358.726 325.483 328.196 304.899 346.624 379.197
1e+20 1e+20 1e+20 1e+20 1e+20 1e+20 1e+20 1e+20 1e+20 1e+20 1e+20 1e+20 1e+20 1e+20 1e+20 1e+20 1e+20 1e+20 359.041 351.637 340.319 374.037 391.346 361.339 353.098 355.748 347.089 316.777 303.923 321.475 351.049 376.972 332.997 373.88 399.616 409.566 359.676 345.73 475.84 524.243 567.356 496.569 463.877 414.211 337.066 327.588 318.547 333.34 346.225 328.926 341.201 343.799 355.839 371.071 370.082 337.18 337.937 341.628 337.181 323.083 353.692 363.852 345.183 382.437 407.74 398.607 389.909 351.395 325.591 344.346 369.031 399.859 437.957
1e+20 1e+20 1e+20 1e+20 1e+20 1e+20 1e+20 1e+20 1e+20 1e+20 1e+20 1e+20 1e+20 1e+20 1e+20 1e+20 1e+20 1e+20 1e+20 399.523 386.57 412.06 394.591 363.855 343.322 341.713 319.612 311.954 305.364 327.233 340.428 358.216 357.524 384.074 384.239 387.854 358.908 370.484 426.884 469.646 552.339 515.369 467.519 413.364 347.897 331.996 328.214 334.88 343.54 320.275 330.943 361.893 362.505 383.376 393.346 326.823 335.898 365.112 358.39 337.201 375.325 376.365 363.348 393.191 377.374 356.495 344.847 328.114 344.001 365.866 414.24 426.814 445.782
1e+20 1e+20 1e+20 1e+20 1e+20 1e+20 1e+20 1e+20 1e+20 1e+20 1e+20 1e+20 1e+20 1e+20 1e+20 1e+20 1e+20 1e+20 1e+20 440.961 407.881 410.928 403.744 367.382 355.232 352.381 341.825 320.779 328.795 343.872 333.546 321.881 349.838 358.354 369.819 378.133 373.607 387.416 416.268 436.886 472.602 464.943 409.151 360.397 315.867 326.034 332.686 327.061 327.382 330.455 343.532 335.419 322.068 346.898 349.441 323.438 329.623 348.272 331.296 306.818 343.134 368.306 370.449 356.622 312.457 313.759 334.338 314.919 336.205 376.747 402.711 395.372 385.194
1e+20 1e+20 1e+20 1e+20 1e+20 1e+20 1e+20 1e+20 1e+20 1e+20 1e+20 1e+20 1e+20 1e+20 1e+20 1e+20 1e+20 1e+20 1e+20 447.671 424.285 404.648 394.485 376.954 365.703 355.312 320.751 294.678 309.095 320.71 326.162 315.479 332.167 324.12 349.582 351.135 369.096 382.314 382.091 390.939 396.456 384.446 348.524 346.826 329.845 341.143 334.54 342.034 315.601 316.015 324.527 306.644 300.687 302.569 306.24 320.57 322.816 324.472 335.158 312.386 318.401 327.945 337.068 340.219 321.043 342.248 392.513 368.339 357.398 385.76 390.519 366.315 340.725
1e+20 1e+20 1e+20 1e+20 1e+20 1e+20 1e+20 1e+20 1e+20 1e+20 1e+20 1e+20 1e+20 1e+20 1e+20 1e+20 1e+20 1e+20 1e+20 427.84 431.178 425.861 414.72 382.803 351.32 318.158 287.09 279.767 291.974 292.044 314.866 335.896 348.456 334.823 340.998 318.534 346.946 368.961 350.863 365.786 360.843 359.257 375.693 371.835 346.166 356.826 342.835 382.54 336.761 306.895 321.271 306.232 306.956 281.477 282.1 310.132 311.902 292.601 300.138 307.807 324.89 324.437 322.031 335.909 342.502 365.579 412.583 389.965 353.454 374.367 386.776 361.197 345.786
1e+20 1e+20 1e+20 1e+20 1e+20 1e+20 1e+20 1e+20 1e+20 1e+20 1e+20 1e+20 1e+20 1e+20 1e+20 1e+20 1e+20 1e+20 1e+20 431.672 430.164 427.402 400.356 370.052 336.3 297.524 279.644 278.225 284.117 279.425 299.079 315.884 324.634 327.502 344.071 343.027 352.43 379.854 370.726 365.491 359.987 374.802 389.236 367.936 341.977 335.952 337.88 365.881 341.465 320.355 303.912 294.492 314.983 299.307 273.917 300.341 310.038 268.711 277.545 309.218 343.794 344.286 370.464 391.425 410.535 429.379 449.033 399.888 363.093 368.954 374.071 368.343 367.287
1e+20 1e+20 1e+20 1e+20 1e+20 1e+20 1e+20 1e+20 1e+20 1e+20 1e+20 1e+20 1e+20 1e+20 1e+20 1e+20 1e+20 1e+20 1e+20 397.02 394.676 386.206 350.213 346.114 340.582 304.599 290.603 302.194 303.532 274.16 291.163 311.478 307.662 318.454 332.726 361.984 355.11 369.746 392.916 403.266 386.752 393.374 383.29 387.224 352.894 351.916 359.781 373.567 356.727 321.012 294.375 298.255 304.118 332.951 318.254 343.853 370.685 332.448 304.466 328.66 370.212 416.074 429.595 416.633 432.831 442.845 422.494 397.319 364.474 374.136 370.831 374.196 378.844
1e+20 1e+20 1e+20 1e+20 1e+20 1e+20 1e+20 1e+20 1e+20 1e+20 1e+20 1e+20 1e+20 1e+20 1e+20 1e+20 1e+20 1e+20 1e+20 369.705 360.094 349.582 302.911 307.995 299.171 287.442 284.04 304.966 301.318 288.816 305.653 329.301 326.732 335.013 340.981 345.546 327.814 360.216 388.433 396.314 387.651 387.761 384.123 403.101 391.485 391.147 384.959 375.448 362.21 353.034 319.949 300.226 275.21 320.219 344.332 342.119 380.01 382.55 325.322 353.291 377.38 432.326 411.92 398.206 420.984 401.978 376.094 373.904 380.223 388.463 366.268 383.532 384.828
1e+20 1e+20 1e+20 1e+20 1e+20 1e+20 1e+20 1e+20 1e+20 1e+20 1e+20 1e+20 1e+20 1e+20 1e+20 1e+20 1e+20 1e+20 1e+20 314.02 304.063 294.812 274.713 291.562 277.044 279.75 260.474 280.613 288.255 283.322 291.967 316.409 333.942 355.022 331.705 339.652 334.35 348.257 375.002 375.833 382.407 384.335 390.243 394.26 394.574 375.951 373.219 365.506 370.599 354.943 329.115 302.887 293.394 328.543 378.884 398.425 400.224 413.512 366.34 398.784 412.821 407.312 358.669 362.945 367.366 353.731 360.483 377.865 396.294 406.111 382.849 398.237 388.409
1e+20 1e+20 1e+20 1e+20 1e+20 1e+20 1e+20 1e+20 1e+20 1e+20 1e+20 1e+20 1e+20 1e+20 1e+20 1e+20 1e+20 1e+20 1e+20 265.448 263.855 245.869 248.092 265.978 281.427 280.865 252.635 251.324 265.511 275.772 294.098 310.881 338.715 335.862 294.523 306.494 290.684 312.321 346.526 362.574 382.419 381.029 375.44 369.054 374.278 376.749 364.243 350.246 350.742 336.265 319.5 300.096 296.739 312.942 361.188 431.199 408.251 396.395 327.112 343.574 366.488 376.336 337.222 318.167 330.743 341.829 335.738 362.548 364.31 368.098 334.1 335.766 337.444
1e+20 1e+20 1e+20 1e+20 1e+20 1e+20 1e+20 1e+20 1e+20 1e+20 1e+20 1e+20 1e+20 1e+20 1e+20 1e+20 1e+20 1e+20 1e+20 235.158 259.827 253.146 254.172 242.226 238.943 272.131 265.161 269.549 270.168 290.781 321.395 320.333 320.307 297.57 293.271 314.793 286.3 297.823 334.676 361.594 386.4 384.321 391.587 372.428 355.402 352.821 348.744 334.852 343.675 319.036 292.865 282.199 280.06 289.089 348.837 377.445 361.157 381.775 321.92 325.059 342.51 331.144 315.117 307.866 327.565 360.669 352.071 318.634 295.336 293.992 273.502 260.138 264.438
1e+20 1e+20 1e+20 1e+20 1e+20 1e+20 1e+20 1e+20 1e+20 1e+20 1e+20 1e+20 1e+20 1e+20 1e+20 1e+20 1e+20 1e+20 1e+20 225.734 255.634 259.114 281.648 262.425 258.12 300.07 290.484 272.765 266.273 287.745 325.647 319.952 309.596 287.221 290.613 302.365 287.323 286.211 317.52 343.477 387.788 370.886 369.764 368.368 358.587 363.009 362.081 356.882 356.277 315.623 292.101 283.201 281.707 291.764 330.844 333.477 336.151 329.466 288.481 317.035 307.867 279.286 274.197 288.495 296.472 312.802 296.634 254.138 248.74 244.063 235.227 227.538 234.313
1e+20 1e+20 1e+20 1e+20 1e+20 1e+20 1e+20 1e+20 1e+20 1e+20 1e+20 1e+20 1e+20 1e+20 1e+20 1e+20 1e+20 1e+20 1e+20 260.244 279.035 272.659 277.217 253.915 257.752 280.834 284.296 271.425 283.527 307.212 336.082 332.732 339.553 323.831 312.378 303.267 291.273 290.858 308.54 324.674 376.383 367.078 344.981 339.199 328.803 360.388 371.021 340.855 349.673 317.466 295.708 289.312 285.577 293.062 316.516 306.315 325.843 305.594 298.076 319.892 294.046 271.331 266.507 275.865 257.303 245.745 223.244 216.671 232.484 231.664 224.059 222.139 219.483
1e+20 1e+20 1e+20 1e+20 1e+20 1e+20 1e+20 1e+20 1e+20 1e+20 1e+20 1e+20 1e+20 1e+20 1e+20 1e+20 1e+20 1e+20 1e+20 282.256 264.131 256.458 271.791 249.628 256.068 262.352 266.223 281.102 310.922 332.988 340.94 327.526 340.096 330.713 319.873 283.833 284.313 288.066 285.193 324.358 387.684 365.94 350.686 344.324 350.82 378.016 405.303 359.108 329.246 300.341 281.91 279.338 284.924 281.769 294.147 260.079 288.46 279.733 290.699 307.074 281.674 268.487 253.317 231.006 210.178 204.676 193.733 192.483 215.265 226.616 211.785 203.064 211.7
1e+20 1e+20 1e+20 1e+20 1e+20 1e+20 1e+20 1e+20 1e+20 1e+20 1e+20 1e+20 1e+20 1e+20 1e+20 1e+20 1e+20 1e+20 1e+20 292.905 281.307 253.141 249.553 237.747 269.62 279.816 315.963 329.111 336.376 353.532 354.549 346.32 355.188 342.793 320.747 305.017 299.256 301.095 288.567 309.966 360.903 385.958 369.392 348.211 350.569 386.123 387.352 353.69 303.79 273.175 269.331 280.394 316.068 305.818 285.2 285.72 302.998 259.961 267.378 271.442 259.174 278.987 247.681 213.147 188.75 181.175 184.025 180.575 180.281 202.697 197.309 197.861 205.357
1e+20 1e+20 1e+20 1e+20 1e+20 1e+20 1e+20 1e+20 1e+20 1e+20 1e+20 1e+20 1e+20 1e+20 1e+20 1e+20 1e+20 1e+20 1e+20 304.653 307.573 292.454 263.827 255.254 264.091 263.57 313.324 326.423 322.511 333.608 334.092 346.805 367.423 344.144 314.482 313.267 320.305 328.643 310.086 306.713 336.101 389.364 373.845 339.703 335.035 356.136 352.736 347.149 304.509 266.756 275.307 306.874 352.828 283.674 304.7 321.364 323.348 277.834 265.633 256.131 250.884 255.679 231.954 208.558 186.243 189.531 190.371 190.627 186.341 185.759 168.313 171.298 189.319
1e+20 1e+20 1e+20 1e+20 1e+20 1e+20 1e+20 1e+20 1e+20 1e+20 1e+20 1e+20 1e+20 1e+20 1e+20 1e+20 1e+20 1e+20 1e+20 296.584 286.735 319.168 285.263 272.857 266.524 248.62 262.957 298.853 298.818 304.692 307.878 351.984 373.344 348.166 331.64 338.313 327.32 308.731 287.802 297.55 332.533 373.478 370.464 335.63 329.396 341.546 329.574 322.045 325.808 324.75 315.128 318.667 326.95 313.945 348.927 349.336 329.089 273.787 252.528 233.931 236.636 237.475 231.361 217.449 194.402 194.629 193.912 195.872 196.809 192.075 178.244 170.025 180.292
1e+20 1e+20 1e+20 1e+20 1e+20 1e+20 1e+20 1e+20 1e+20 1e+20 1e+20 1e+20 1e+20 1e+20 1e+20 1e+20 1e+20 1e+20 1e+20 295.262 268.85 278.52 265.527 248.014 246.615 232.961 247.526 275.428 285.191 307.674 316.95 352.664 371.638 347.396 332.012 329.094 326.598 301.271 278.898 313.403 347.658 373.636 366.1 342.246 336.558 342.147 328.051 334.186 353.238 349.291 320.152 304.75 297.877 328.632 338.71 325.841 302.977 263.932 234.661 219.334 220.35 222.39 228.913 218.577 201.1 193.189 186.525 182.396 184.923 186.412 187.928 169.809 174.694
1e+20 1e+20 1e+20 1e+20 1e+20 1e+20 1e+20 1e+20 1e+20 1e+20 1e+20 1e+20 1e+20 1e+20 1e+20 1e+20 1e+20 1e+20 1e+20 285.911 256.922 242.417 234.857 218.077 242.91 241.069 254.411 270.353 274.439 296.745 316.208 349.454 351.787 337.572 341.761 337.046 344.755 330.708 306.199 348.858 371.646 383.032 375.767 367.331 363.298 372.942 361.75 368.522 376.275 336.073 329.694 303.919 299.556 313.872 307.661 285.752 268.386 246.034 215.853 204.777 209.944 221.31 209.981 211.652 202.601 187.374 181.602 176.623 173.604 173.079 176.909 176.825 183.548
1e+20 1e+20 1e+20 1e+20 1e+20 1e+20 1e+20 1e+20 1e+20 1e+20 1e+20 1e+20 1e+20 1e+20 1e+20 1e+20 1e+20 1e+20 1e+20 231.557 229.029 234.031 235.355 238.27 252.581 262.397 253.034 258.518 264.338 300.447 339.724 352.119 354.056 344.212 330.597 332.733 326.761 300.968 314.904 337.678 368.23 384.039 397.899 399.074 379.595 389.228 397.787 383.374 364.232 344.729 319.043 302.458 295.784 285.194 282.911 248.873 231.727 226.31 207.692 190.436 189.981 194.083 194.149 200.543 185.043 190.845 192.915 174.181 170.27 186.707 192.483 203.085 199.58
1e+20 1e+20 1e+20 1e+20 1e+20 1e+20 1e+20 1e+20 1e+20 1e+20 1e+20 1e+20 1e+20 1e+20 1e+20 1e+20 1e+20 1e+20 1e+20 185.822 213.225 232.9 237.247 243.064 248.994 254.953 252.312 254.074 259.97 318.34 374.718 367.949 362.671 353.599 320.766 334.139 331.247 312.341 312.021 321.617 385.003 396.735 410.317 397.644 373.141 376.188 377.151 350.453 315.75 310.588 295.36 290.023 279.884 283.58 281.372 224.281 205.88 217.028 203.324 182.344 176.07 182.078 200.189 210.658 182.849 196.943 216.834 188.121 190.759 211.941 202.172 201.159 196.427
