pygmi/test/th.asc
ncols 			232
nrows 			481
xllcorner 			-20187.5000000001
yllcorner 			-2823315.0
cellsize 			125.0
nodata_value 		1e+20
[rows 416 to 447 of 481, columns 73 to 145 of 232]
10.6757 8.89851 11.3221 10.7758 10.8792 13.17 12.8536 12.423 14.2901 14.6321 13.4795 14.3405 13.2462 12.7753 14.1167 13.7818 14.1343 12.8222 12.8382 14.9649 12.3164 12.5971 13.7278 11.5016 12.2474 13.5826 11.4574 12.5 11.984 13.294 13.5039 15.061 14.5729 13.7056 12.3307 14.2707 13.3823 14.478 14.6241 13.5023 12.4523 14.2521 15.2457 13.278 14.6232 13.9865 13.823 15.5682 13.9153 14.5609 13.3136 13.996 14.8721 15.1051 15.5056 16.4613 14.3186 14.4839 14.0405 13.1162 14.7612 15.9199 16.0201 15.0065 14.3487 13.7829 13.0091 12.9568 12.94 12.4715 12.7604 12.0427 10.8428
11.1623 10.1013 10.4023 11.008 10.8948 11.9694 12.9223 12.5033 13.3355 14.0764 13.5156 14.2132 12.8822 13.9693 15.4196 14.1223 13.4438 11.9617 11.6566 12.8531 11.3282 10.6924 11.3947 10.8895 11.063 12.7371 12.6793 14.7163 13.1739 13.1112 14.0815 14.5684 14.4124 14.1546 12.4002 13.2784 13.2823 13.6904 14.2404 13.909 14.3492 14.375 15.2297 14.7143 15.4695 14.2568 14.4944 15.1881 13.5255 14.5549 15.0948 15.5271 16.0141 16.779 15.1638 14.9078 13.9222 15.4113 15.0566 16.9615 14.1051 14.9749 14.4462 14.2086 15.0858 15.3979 13.8684 13.1294 13.0911 12.6851 12.5614 11.9214 12.2014
10.6128 11.3644 11.8942 12.2492 11.3051 11.296 12.6652 12.4721 13.5596 13.8586 12.8402 13.2088 13.599 15.1937 15.9125 14.5222 13.4166 12.0503 10.8261 10.6047 10.1609 9.91519 9.63396 9.85114 11.3634 12.5179 12.2357 13.3478 12.944 13.6632 13.6464 13.443 13.895 13.6209 12.0077 14.4442 15.1468 13.8795 14.8519 15.1818 16.7772 14.386 14.2997 14.7922 15.5209 14.7907 14.944 14.857 15.2868 15.194 15.4032 15.6261 15.7238 16.7285 16.2561 16.5559 14.4333 14.7005 12.3832 14.535 13.7811 15.4617 13.5358 13.6584 13.0169 13.789 12.4982 12.3984 11.8595 12.5721 12.6286 11.6667 10.8304
9.42915 10.5166 12.2071 14.2239 14.1684 14.2203 14.9166 14.7917 15.6555 15.1928 14.3759 16.3051 14.6711 14.5786 14.1376 13.9166 13.4927 12.0974 10.621 11.1185 11.8188 10.9415 9.77004 9.6672 11.8902 11.4946 11.7992 12.4643 12.9386 13.4077 13.1471 13.1425 13.7529 14.3211 13.0711 13.1968 16.9682 14.2648 14.3525 14.5216 16.4622 15.2722 13.7388 14.4679 14.3425 13.9953 14.5071 15.7831 17.733 15.6461 14.4571 15.3942 15.2769 15.8512 15.8432 16.1615 15.2929 16.5815 12.7535 12.8641 12.1162 14.9039 15.8322 15.2683 12.7411 11.2946 9.67104 9.87505 11.3313 12.5094 12.0118 12.5354 10.7038
10.953 10.826 13.1073 13.5256 12.2406 13.6306 14.9987 15.2183 15.8029 14.1719 13.7503 16.5775 15.6047 14.2126 13.8683 14.3252 13.1977 10.191 10.4255 11.8555 13.7308 11.6306 9.9526 9.94738 11.5215 11.2712 12.0859 12.1105 13.1043 13.0513 12.946 12.731 14.6173 14.12 12.7965 13.5029 16.4038 17.1315 15.9733 16.3228 16.018 14.6815 14.0334 14.1073 13.4032 12.7727 14.0397 17.0769 18.0413 17.8203 14.96 16.208 17.3825 16.6929 16.2661 15.3706 16.4043 16.7267 16.2441 14.4912 14.1313 15.9123 15.3386 14.6041 14.2201 11.991 10.5226 8.85286 11.3166 11.4223 12.0337 13.7068 12.6193
11.6007 10.8161 10.2389 12.3393 12.6081 12.8322 13.9825 12.8519 12.3122 11.8055 13.6689 15.4836 14.7784 12.1082 13.1468 14.1251 10.9578 9.80594 10.1904 10.6766 9.73993 10.0547 10.4371 10.6274 11.6963 10.0719 10.5585 10.246 11.1813 12.2478 12.9555 12.4421 13.3857 13.9074 14.3049 13.9783 15.7545 18.3435 17.217 18.3102 16.9899 15.382 14.4721 13.3478 13.3663 12.1736 14.6123 15.7718 15.9013 16.0356 15.737 17.2956 19.2875 18.3447 17.5435 15.4513 15.1913 14.4684 15.2175 12.4745 13.5739 13.3799 13.8378 12.4431 13.7417 13.1796 13.4661 11.297 12.4354 10.2994 11.6536 13.3165 13.2465
11.2503 10.5903 8.28946 9.51874 10.6644 10.9816 11.6728 12.3097 11.6033 11.3509 12.4004 14.016 11.5877 9.79812 12.8567 11.7941 8.71826 9.21461 9.24108 10.0509 9.3912 9.51124 10.0332 10.1047 10.8303 10.465 11.1091 10.4198 10.7316 11.9699 12.3748 12.0975 12.9649 13.9277 13.6946 13.4704 15.3163 15.9976 15.5391 15.0788 12.3036 13.354 14.6065 14.5221 15.5293 13.8788 15.8841 15.5302 16.3594 16.7729 17.3827 16.4906 16.2354 16.9957 16.6814 16.5729 14.8712 13.4741 12.6748 11.6837 13.4554 13.8211 14.6937 12.2052 12.7948 11.7516 11.9135 10.8685 12.1296 10.8203 12.1236 13.087 12.7523
10.1142 9.92543 7.95806 7.98864 9.12745 9.27444 9.37569 11.3448 10.9598 10.8805 10.8971 11.6464 9.34624 10.4987 11.3937 10.2316 8.71245 8.48874 8.1934 10.7384 10.1927 9.88182 11.0186 10.4267 10.7198 10.9911 10.2385 10.2144 10.6466 11.1878 11.4548 10.6753 13.1613 15.0749 14.4976 14.6667 16.5141 15.0141 15.9269 15.5331 14.9444 14.6329 15.5055 14.2092 14.369 13.2178 16.3768 16.7361 17.4343 17.2752 16.7815 15.2098 15.3707 15.4612 14.6808 15.8202 13.6882 13.523 14.9305 14.3391 15.2182 13.4709 13.7217 13.5718 9.87119 9.99322 11.5721 12.969 12.1206 10.2056 11.1058 12.2375 12.6516
9.43948 10.0584 8.53757 8.89263 9.74534 9.64316 9.84618 10.7715 11.0762 10.3219 9.39187 12.0146 11.4268 12.4771 11.0985 9.73446 8.78631 8.76211 8.3627 10.2976 10.3246 10.0646 10.6608 9.92323 10.3938 10.0943 10.1902 10.2055 10.6951 10.6471 10.4258 10.415 13.9123 16.1632 17.0714 15.5294 17.79 18.032 18.1773 16.2523 15.6363 14.094 13.6389 13.8996 14.0015 13.244 13.8862 15.2842 14.8555 14.4648 15.8286 14.907 13.7125 15.1011 15.172 16.437 11.7734 12.0059 13.9083 14.6738 16.0243 15.3033 12.9827 13.8622 13.3887 11.0097 12.9857 13.5711 12.784 11.5523 11.5076 12.5442 13.937
11.3994 12.379 11.313 11.2978 11.2482 11.4906 11.5079 12.354 12.1691 11.8901 8.82365 10.7132 11.3918 11.8645 10.7076 9.45575 7.83358 8.3061 8.73501 11.5167 9.96728 9.20444 9.50665 10.2341 11.191 10.9439 10.2409 10.8508 11.4912 12.4492 11.9628 11.8441 13.4707 15.1446 15.2427 15.0464 15.4881 16.0894 16.2356 14.5205 15.4952 12.8572 10.6908 11.516 12.0633 12.6925 11.9864 13.966 14.7366 15.507 16.0499 16.1472 15.0358 15.0126 13.8359 14.1841 12.5011 11.3954 13.2338 13.4779 13.4144 15.9385 14.0742 14.4192 14.3162 12.1787 13.6732 13.4101 13.4044 12.7008 10.957 12.6664 13.3636
13.8083 14.0631 13.4803 14.2426 14.29 13.8446 12.1408 12.6876 11.2352 9.67729 9.31433 11.0337 11.8594 11.7333 10.1546 8.78243 8.38536 8.99361 9.42621 10.7636 8.40299 8.13215 8.50981 9.88906 10.6934 10.3562 9.30363 11.2241 11.5114 14.158 13.4017 12.1747 12.4584 13.6143 14.7555 15.0283 14.7941 15.3534 15.4956 13.9733 13.0871 11.2129 9.90693 10.4683 10.4223 12.8968 12.5485 13.8228 13.6804 14.3775 15.2975 16.4728 16.9908 15.9703 13.7024 15.6294 15.0927 13.4383 14.6529 13.6813 12.7895 14.1686 13.5016 15.0404 15.4652 11.942 13.6769 13.2914 13.8564 14.3192 13.1285 14.0079 12.7826
14.6771 14.1916 14.2836 14.7826 14.9931 15.0563 13.6664 12.1532 10.8264 8.91519 11.0097 12.5759 11.9254 12.3897 10.3605 8.59433 8.87452 9.07194 9.85387 11.1485 9.24575 7.89162 7.43903 8.30454 9.12148 9.56371 9.07522 9.82677 9.54939 11.0543 11.9351 11.3133 12.1834 14.2582 15.3693 14.6348 13.4614 14.5449 15.3761 14.637 11.7599 9.51469 8.52388 10.4724 9.85763 10.7166 10.9928 12.4243 12.5247 14.3024 14.2362 14.574 15.4366 14.4095 12.9099 15.6113 13.9494 12.0486 13.8467 14.0082 13.1311 12.8257 14.9427 16.6477 17.6785 15.1632 14.3854 12.305 11.7361 11.7059 11.0846 12.0625 11.736
14.0343 13.9365 14.3732 15.4884 15.1331 15.1743 13.0491 12.159 12.3508 11.6319 13.0302 14.2951 11.0201 11.5282 10.1719 8.81135 8.9383 8.61978 9.18833 10.1053 10.0934 9.14688 8.45243 7.6511 7.77867 8.24396 7.72606 7.9885 8.70562 8.14794 9.83743 10.8703 12.4875 16.0755 16.4448 15.4961 15.1845 15.4197 15.1427 13.0087 10.8159 8.88457 8.44433 9.11211 8.67842 9.7847 10.4838 11.7181 11.1212 12.5425 13.3144 14.9713 14.7689 14.0322 14.7355 15.1173 12.8581 12.3358 13.6077 14.3201 12.8555 12.9909 16.1681 15.5593 15.7205 15.7943 14.7588 14.0219 10.6379 10.1466 10.8212 11.2312 10.9775
13.519 12.9729 12.6739 12.3922 12.3661 12.6811 11.9642 11.2708 11.6146 10.2212 11.9622 12.1302 11.1188 11.8705 10.0705 9.15217 9.87178 9.38346 9.68031 10.0215 11.5691 11.2718 10.7515 8.08425 7.47196 7.70047 5.37178 2.48266 8.24401 8.70627 9.3724 11.7779 14.277 16.834 16.9796 15.9273 15.6411 15.4431 13.9171 13.12 11.3297 10.3313 10.1825 9.43227 8.99621 9.46345 9.2968 9.31519 9.91188 12.0346 14.3255 15.1829 14.2257 13.1442 13.0189 15.0391 13.6251 12.6831 13.0895 13.4239 13.0139 11.2792 13.8237 15.1138 15.697 14.6307 14.815 13.5565 10.833 9.63971 11.5331 11.3625 10.4998
13.0223 12.3654 11.2883 9.44456 9.9883 11.0003 11.7771 11.7879 12.9936 11.9379 11.695 10.6456 12.0511 11.3582 9.54369 9.9781 10.3297 9.70431 9.8314 12.4165 14.3945 14.0423 13.1867 10.5842 9.11725 9.23898 8.2224 6.73459 9.27009 10.8621 11.911 13.9832 15.9175 17.1804 16.5414 14.7624 14.0705 13.3418 11.97 12.0407 11.8955 11.2772 10.7582 9.56761 9.4718 9.99894 8.54714 7.35102 10.2388 12.2187 13.769 15.7252 14.3176 12.9282 12.8193 14.3748 14.9698 11.4124 11.8934 12.1636 12.5398 11.4137 12.8525 14.7293 14.963 13.3281 14.1393 13.943 11.6494 10.3052 11.1939 11.6382 11.2626
11.9964 12.3608 11.8271 11.3345 10.7186 11.7946 10.7105 10.7933 12.4183 12.9083 12.6501 11.2658 11.1354 10.705 9.84949 10.3099 10.9118 10.3987 10.9739 14.0088 13.8537 13.969 15.2018 12.8726 13.3507 12.8271 12.4131 11.9634 12.0453 14.0858 15.468 16.0959 15.9843 15.6001 15.325 13.0758 10.7985 11.99 12.9547 13.0375 12.6307 10.9419 10.8278 9.55129 10.16 10.6291 9.32489 8.83436 10.7445 12.158 12.4424 13.5116 13.4299 12.9207 14.3124 13.0275 12.6185 11.9902 12.3142 12.2286 12.5551 11.5935 13.7599 14.2625 15.3033 13.7113 13.5097 14.7394 12.1549 11.1355 11.832 13.4439 12.8618
14.0515 13.3731 13.0377 14.1457 14.0702 14.9811 11.2914 10.5348 11.6235 13.6525 12.6996 11.3346 10.5323 9.64294 9.23851 9.35352 10.2695 9.97966 9.55839 11.9821 11.8533 15.5091 16.3439 16.6971 16.9272 15.419 14.7678 14.5396 14.5168 16.3006 15.8423 16.7623 17.6792 14.3428 13.8314 14.103 11.0602 12.0647 13.7874 13.1035 11.9869 11.2866 11.8684 11.5789 11.7835 11.2199 10.1469 9.8366 9.01275 10.7047 12.136 13.6269 13.3164 14.0297 13.2812 12.7128 12.728 12.4138 12.2734 13.0174 13.5025 11.661 14.3693 13.703 14.8589 14.6232 13.1707 13.454 11.6037 12.8437 13.8237 12.2511 11.4464
14.5905 13.7628 13.4502 14.9632 14.6283 14.66 12.5712 10.9371 12.1011 12.3628 11.5575 11.0844 9.10424 8.46023 9.01174 9.76068 10.6062 10.2437 10.5976 12.4795 11.3074 14.1429 14.6422 15.6339 16.0063 15.0597 15.2779 16.005 15.0413 15.5709 15.8919 15.6504 15.5986 14.3411 11.969 12.4536 12.4086 12.6549 13.9922 12.7378 11.252 11.2808 11.4414 12.1436 11.0181 10.4554 10.0768 10.1855 10.22 10.5978 11.7469 11.6644 11.1811 12.8067 12.6445 12.3786 12.3327 11.9372 11.8383 13.1147 11.7709 9.46327 15.441 15.2779 14.7542 12.8279 12.504 13.4264 12.2781 14.8048 16.6268 11.7375 12.0312
15.0213 13.6483 13.4999 15.7968 14.4959 12.7594 11.3045 10.512 11.4408 10.7898 10.4005 10.4806 8.06755 8.38473 9.44814 10.1829 10.9001 11.0903 10.9277 12.1823 11.9823 13.2465 14.252 15.0463 14.9768 13.9465 13.7812 18.0506 18.0021 17.898 17.4639 16.6191 15.1193 15.3451 13.0864 13.5048 13.0443 13.8497 13.9219 13.0174 12.832 12.1226 11.9677 12.2676 11.8756 10.5016 11.1393 11.0881 10.8205 11.1484 11.1885 10.237 10.24 11.468 11.2415 12.4721 13.8613 13.2146 14.5956 15.256 13.4405 13.0333 16.3609 15.7633 14.9931 15.2648 12.3252 12.1589 12.4003 14.8168 15.2337 14.0007 13.5694
14.0228 12.5963 13.7976 14.943 14.0623 13.302 12.4312 10.3492 11.0496 10.3654 9.46819 9.9359 8.09808 8.77034 9.682 10.6033 10.837 10.541 11.7601 12.7817 12.2982 13.1207 14.1574 14.3124 15.0383 14.6601 16.6986 18.5744 19.1297 18.2227 17.1585 17.5687 15.238 14.0766 12.2593 12.9968 13.6303 15.1129 13.6822 14.0515 14.6359 12.0412 10.5782 11.2677 10.512 10.7749 10.8583 11.946 11.8622 11.988 11.1713 10.2299 9.87559 10.712 10.4125 12.0994 13.8339 15.1336 16.9884 15.4062 14.8028 14.574 14.1924 13.9533 12.9739 14.9809 12.5943 11.7547 12.5337 14.0382 14.5757 15.9144 14.8899
12.2822 11.4992 12.9349 13.8482 13.3939 13.7629 12.0469 11.6338 12.1401 11.1073 10.6816 10.8173 8.02011 8.23905 9.33214 10.6877 10.5972 11.7224 13.0221 13.4307 13.8694 13.4943 13.9541 14.1269 15.5398 14.4798 15.4653 17.1312 18.4081 18.2465 15.1919 16.3856 16.6382 14.2884 12.8943 13.7683 13.6056 14.771 13.9122 14.032 13.3799 11.7359 10.2655 11.224 11.276 12.3431 11.7385 11.527 11.821 11.7238 10.9095 10.6731 10.6095 10.269 9.23865 11.4019 12.1997 14.6467 15.6754 14.883 15.2469 14.8874 14.176 13.5718 12.6689 13.1593 12.0353 12.8159 13.3149 13.6759 13.0925 14.3276 15.9975
10.6063 11.21 11.1642 11.7855 11.2046 12.2597 11.4288 11.6445 10.9196 10.0613 10.3087 10.3233 8.34458 8.39576 9.58581 9.34967 9.07858 12.375 12.4773 12.6786 14.4255 13.7262 13.5725 12.5165 13.1386 14.1756 15.2342 16.1753 17.0439 16.6535 15.8179 15.7441 16.3287 15.2586 13.7661 16.3758 15.242 15.1328 14.7008 14.0933 13.1158 13.9535 12.5166 12.8507 12.4634 12.5763 12.6462 12.6019 12.1387 10.752 11.0025 10.6964 10.4205 10.7122 10.593 11.5521 13.6706 14.4499 14.886 13.5132 14.1521 14.5906 11.4695 11.8348 13.0363 12.1864 12.0564 12.3551 13.3086 13.5277 12.9671 15.6233 15.2784
8.79794 8.16179 8.29289 10.7541 11.091 10.7362 9.65383 9.71569 8.96429 8.40837 9.91295 9.74666 8.41439 10.1174 11.123 9.81747 10.248 11.7531 10.883 11.1067 12.4753 12.3185 12.5216 13.3163 11.2904 12.5221 13.923 15.1004 16.1075 16.8138 17.016 15.2506 15.1882 16.1263 14.4683 15.1164 14.4895 13.6915 14.7811 15.0815 15.3916 15.8574 13.8564 13.2477 13.4796 12.9641 14.2033 13.8511 13.7588 12.4318 10.4658 10.5768 10.2521 11.1778 11.9248 11.5274 12.7831 13.3974 14.1095 13.721 13.3141 14.2964 13.258 11.506 12.9861 14.341 13.3618 12.5727 13.2515 13.8938 12.515 12.5863 11.5878
8.09987 8.7152 8.91137 10.1753 10.8928 10.2462 9.87145 9.51811 9.55203 9.00551 9.0975 9.65869 8.56148 9.35143 12.663 12.355 11.2841 11.3975 10.7521 10.31 12.7715 11.8637 11.0354 13.1069 12.8148 13.6517 14.1441 15.3919 16.0754 16.5143 16.5987 14.8453 13.8607 14.6196 13.0187 14.7289 14.691 13.9188 14.4913 15.5958 16.464 17.0212 16.4923 17.1904 15.4336 14.1772 14.1056 13.6026 14.2007 13.5862 12.0838 11.2719 10.9336 12.0196 12.4427 12.6939 12.7963 13.8552 14.2479 13.2624 13.4085 13.2307 14.4862 13.2384 13.2633 15.5585 13.7659 12.3026 12.8604 13.7934 13.179 12.1709 12.5075
6.79365 8.50065 8.21562 8.96936 9.48706 10.1223 10.6087 9.67589 9.95821 9.56989 8.65361 9.64232 8.66208 8.84649 10.5499 13.491 11.9275 10.8773 11.0432 10.2691 10.9233 11.5449 11.6552 13.7912 14.8502 16.1832 15.9462 16.5938 16.2654 14.8898 15.9262 14.4671 14.3004 14.9812 12.5109 14.2431 15.3641 15.0418 14.8993 15.9823 16.9248 17.1357 16.815 17.9164 15.8669 15.2555 15.9663 15.2136 15.4461 14.8888 15.3095 12.6163 11.7445 12.2648 12.1898 12.2143 12.2208 13.5324 12.2318 12.9433 14.804 15.2658 15.35 14.8031 14.4871 14.9743 13.4769 12.6355 12.8909 13.6715 11.8506 12.2841 12.4387
6.48304 6.86303 6.50652 7.78236 8.24475 9.63874 10.321 10.0597 10.0238 8.73242 8.23905 9.68094 10.7383 11.7377 10.223 13.0362 12.7009 9.65584 9.43172 9.21489 10.0812 11.6373 13.1353 15.5566 16.9158 17.4564 17.3535 16.5019 15.3738 13.2783 13.7422 14.1014 13.9036 13.7372 13.2314 14.1024 15.258 15.5482 14.6007 15.1848 15.7876 16.7499 16.7333 17.1248 14.8622 16.111 16.5896 15.9983 16.2289 15.5032 15.6664 12.3955 12.0682 12.8845 13.2442 12.7117 10.7417 11.5997 11.4628 12.0216 13.5475 14.7191 15.017 15.0029 16.2367 15.5393 15.0833 13.583 12.8594 13.732 14.4412 14.4443 13.4295
7.22132 6.14806 6.61522 8.33676 8.55672 9.22341 9.7681 9.01618 9.29183 7.7645 9.45763 10.2059 10.5347 11.4121 11.6264 13.8081 12.4232 11.0343 10.2271 11.1664 10.4605 11.8439 13.173 16.7793 18.3687 18.4874 17.549 15.3938 13.8861 12.5666 12.1929 12.8988 13.5352 13.5349 14.3211 14.962 15.1304 14.6675 15.2445 15.3532 15.4705 16.8254 15.6337 17.25 14.8682 15.2578 15.8647 17.5303 17.2268 14.9421 14.2947 11.9254 10.5663 12.1248 11.6715 12.971 11.028 11.325 11.7776 11.7611 12.2185 13.6811 14.5423 15.168 15.4637 14.549 12.6186 12.4536 12.9653 14.0709 12.6802 12.5714 11.7191
6.02082 6.73965 6.74287 8.35464 9.32097 8.96596 9.84393 10.104 10.6579 8.51764 8.36279 10.4294 11.0277 10.5992 11.8148 14.3308 14.2232 13.7716 12.4924 11.6683 10.2848 12.9429 13.4166 17.7722 17.7918 16.7498 16.8598 14.0253 14.4942 13.6209 13.4985 14.5828 14.9625 14.8841 15.1189 15.8738 15.4779 15.104 16.8848 17.1617 16.6094 18.6572 15.597 15.7928 13.7652 15.6435 18.0288 19.7507 17.1847 15.6048 14.9289 14.5079 12.0058 13.8029 12.0133 11.6041 10.24 11.4389 10.9213 11.4579 11.8191 14.4472 14.5244 14.5759 15.2624 15.1538 13.996 14.5674 13.5534 13.9574 12.9632 12.579 12.3623
5.08768 5.87052 6.29598 7.96706 8.89963 8.0177 9.35127 9.38341 9.97124 9.41904 9.51827 11.0958 11.4959 9.73214 12.6639 15.7664 15.5394 14.4734 14.1372 11.1629 12.3266 14.7893 15.1112 16.8156 16.1595 17.2644 15.8796 14.2515 14.9325 15.3455 15.5206 17.4315 16.2589 15.0472 14.515 15.4929 15.8024 14.9285 15.8352 16.8816 16.4024 16.3496 14.5246 15.7202 14.9723 16.323 19.0173 18.6937 17.3533 16.787 14.8348 14.3137 12.2845 13.1292 12.2537 11.6895 11.4658 11.6437 11.2209 11.0674 12.1701 15.4719 15.8342 15.5566 15.7946 15.6114 14.9449 13.303 14.2857 13.8103 13.9876 12.819 12.234
6.47228 5.30031 5.55449 7.6035 8.56353 6.03714 7.90898 8.60733 9.28986 9.40894 10.256 11.2742 9.97769 10.8092 13.9735 16.2869 15.8704 13.4726 13.9986 13.7563 14.9499 15.4176 17.0718 17.1937 15.4652 13.7722 14.265 15.1188 16.3529 17.066 15.9485 16.2879 15.3592 13.4196 13.1891 14.1202 13.9936 13.955 13.3335 13.702 13.6354 13.7772 13.1853 14.8871 15.9594 18.6585 18.3446 16.7649 17.4737 16.2992 13.9262 15.2194 14.2065 13.9476 12.8284 12.3673 12.7597 11.8753 10.8602 10.5537 12.1625 15.4849 16.4496 15.6224 16.1438 15.9246 16.1095 15.4507 16.2183 12.5289 11.8624 11.5647 11.4122
7.14354 5.98828 6.4954 7.72968 8.4176 7.80616 8.6718 8.58704 9.22677 9.50826 10.4309 11.2207 11.0341 11.7813 14.4834 15.9552 15.9056 14.8003 14.3873 15.5073 15.7923 15.816 17.0547 17.2324 13.804 12.4651 15.4715 17.2113 17.5479 17.4361 15.8576 15.1321 15.1469 13.1903 11.947 12.1153 12.6007 13.6222 12.3008 12.5323 11.6041 12.4134 12.7459 14.9226 16.308 17.8319 17.3933 16.4974 18.052 17.3375 15.8172 15.4223 15.7436 15.5043 14.0453 11.8792 12.4125 11.9238 11.0554 11.5136 12.9157 15.9723 16.6341 16.0872 16.6908 15.8819 15.3851 14.8594 14.3964 12.0827 10.3792 10.2949 9.87273
6.6161 6.48116 7.21889 7.06001 8.95571 9.39444 9.68644 9.18335 9.83441 9.84964 9.91447 11.1069 11.4601 13.0884 15.3067 15.5863 15.5284 15.9202 14.7392 16.071 16.1308 16.9372 18.0774 18.7606 14.615 14.8734 18.3811 18.1098 16.9192 17.2104 15.4561 14.5161 15.7762 13.6247 12.1442 10.8757 10.9521 11.9385 11.5606 11.817 11.6903 13.2511 14.9596 15.429 16.6114 18.2386 17.3115 17.288 19.4158 18.6026 17.2231 15.9159 16.8727 17.5544 15.4247 13.5894 13.2936 11.8614 12.3301 12.9699 12.1891 14.9916 16.2349 15.6575 15.4516 13.4256 14.9661 13.8372 13.4479 13.189 12.0848 10.8509 8.73024
