pygmi/test/th.asc
ncols 			232
nrows 			481
xllcorner 			-20187.5000000001
yllcorner 			-2823315.0
cellsize 			125.0
nodata_value 		1e+20
[rows 416 to 447 of 481, columns 146 to 218 of 232]
10.544 12.7591 11.0064 12.3982 13.915 13.8223 14.0156 12.4207 12.9667 12.6449 14.5903 14.9375 14.277 14.1616 11.0739 8.06061 7.52701 8.33159 7.50556 7.42508 8.06951 7.94797 10.6217 11.0472 11.4192 10.1144 10.3972 9.74502 11.5164 12.0252 11.8279 12.0049 12.7078 13.2559 12.2343 11.3198 11.258 12.4886 13.1494 13.6043 12.3775 11.5813 9.64755 11.2345 9.67369 8.64548 10.6438 12.8426 11.5488 10.4843 8.80729 7.50607 8.21451 7.27023 6.52582 6.44778 8.29669 6.95721 6.74572 6.69678 5.92239 6.85273 7.87832 8.56672 7.69546 7.89424 8.24841 8.7842 10.026 10.8237 8.60639 6.74476 5.5464
10.9951 13.1478 11.5266 11.8626 12.7752 13.7416 12.9576 12.0522 12.1248 12.6749 12.7649 14.3594 13.6216 12.9602 10.4382 7.67637 6.06308 7.44905 7.41781 7.92598 9.23649 8.33276 9.13222 10.0568 10.8065 11.0706 10.6079 11.6106 12.7909 11.821 11.8428 12.6751 12.8338 12.4224 12.5112 12.8772 13.3409 14.2458 13.4098 12.9286 12.7531 14.4463 11.4908 11.3162 10.9643 10.2304 10.8566 15.7256 10.3137 8.55289 7.82433 7.58431 7.27653 5.79602 5.63074 5.47547 8.51089 6.44645 5.65849 5.70619 5.56909 6.72974 9.54232 8.59123 8.1696 6.40797 7.93252 9.14959 9.95331 10.4627 9.92384 7.77147 6.7178
9.92345 11.5394 12.0215 12.3441 11.9324 12.8349 11.9331 13.0254 12.9568 14.2556 12.9555 13.6362 12.6519 13.4629 9.95385 8.64203 8.31227 9.37826 9.14334 8.46279 8.62676 7.91094 9.02615 8.69831 9.05709 8.87304 8.9768 11.0855 13.2803 12.8031 10.8511 10.6276 11.0939 10.2275 10.5548 12.8348 13.7883 12.466 13.603 13.6449 12.2228 12.2511 10.4066 11.5762 11.7474 11.7285 11.2735 11.9245 8.83276 7.98016 7.53928 7.93679 6.99138 7.30802 8.90019 6.41605 6.71298 5.96725 5.65494 5.49676 5.09777 6.12071 7.62349 7.02298 7.93833 6.95942 8.3769 8.9922 8.65643 9.08181 10.078 9.15133 7.31674
10.4636 11.1311 12.1873 11.3913 12.2245 13.8763 12.5879 13.2611 12.4247 14.1086 14.2871 14.739 13.1806 11.9041 7.90957 9.13538 8.95507 10.6746 8.66651 7.22098 8.20297 8.7365 8.98722 7.75548 9.16078 10.1512 8.34454 11.6387 11.7999 13.5557 10.8493 11.2265 11.3734 10.3072 11.7447 13.8123 14.9133 13.8919 14.5639 12.807 13.3705 11.7771 10.9714 11.8175 11.8487 11.8544 11.8968 9.98375 9.29064 8.2522 7.27051 8.2167 8.02987 7.36869 7.7547 6.74398 6.05147 7.53624 8.4633 7.32581 6.39594 5.9669 7.04567 7.71989 7.91124 6.4296 7.65789 8.14358 7.04507 8.28116 9.08356 9.59566 7.44793
12.1323 11.5502 12.4168 13.0225 14.8388 14.9962 13.916 15.1753 13.6316 12.5722 14.404 14.6893 12.208 10.5282 9.24442 8.93425 8.86691 9.22435 8.56478 7.79124 7.26984 7.04113 8.04051 9.12994 9.97553 10.5723 10.1741 12.6646 10.1903 11.4253 11.1728 11.7877 11.2734 10.8958 11.6664 12.6454 13.4899 13.7128 13.7375 13.1898 12.405 11.9587 12.236 13.3362 12.1397 11.0587 10.7523 11.0196 9.72586 7.55141 7.51922 7.74655 7.42482 7.38978 7.57963 6.26561 6.07172 7.925 8.48891 9.29788 11.2333 8.33579 6.40774 7.04954 6.3143 6.80074 6.96827 7.13934 6.95765 8.6935 8.72515 7.96051 6.86693
13.0676 14.0341 13.2245 12.9935 14.4872 15.7438 15.2458 15.2398 14.9887 12.6227 12.9065 14.7939 11.8614 10.6174 11.3731 10.3627 9.78644 8.17275 8.11479 7.31475 6.92233 7.91408 8.17982 10.3921 9.28275 9.35911 8.9494 10.2514 9.78753 10.5964 11.1002 11.7276 11.01 11.5398 11.9856 11.4099 12.244 12.6035 12.4049 12.7587 13.4258 12.7572 14.0851 11.1931 11.4807 11.1995 11.5646 12.7889 9.60435 8.11481 8.22436 7.27904 7.84397 7.42899 7.10395 6.36031 5.97715 8.47448 7.72531 7.81156 8.80911 7.10207 4.07845 5.44488 6.03893 7.68462 6.2735 5.58567 5.73741 7.83393 7.91551 7.14239 7.75641
12.5019 13.7654 13.4403 13.2503 14.4213 16.775 18.6412 17.9128 16.7628 13.5609 12.4791 14.1423 13.5062 9.93527 10.092 9.01421 10.6899 8.59099 7.41024 6.57547 6.50485 7.13473 6.57426 9.0845 8.69684 8.7437 8.7468 10.5598 11.0592 11.3151 11.5887 12.5434 11.5414 11.1567 11.5394 10.8776 11.1767 13.1681 12.4524 12.1415 11.4629 11.9649 12.4552 10.8972 12.0652 12.8413 11.9792 10.3338 8.38194 7.79984 7.45225 7.90412 7.91188 7.79648 7.7768 7.80355 7.30858 8.15598 6.75517 8.24885 10.1616 8.58033 6.23403 7.05966 5.46223 6.24546 5.99291 6.66136 5.73267 5.62451 7.30982 7.81724 8.54757
13.522 13.4453 13.4441 12.7204 14.2895 16.646 18.5134 19.8758 19.2374 15.3832 14.1371 13.9372 12.4509 10.461 10.4103 9.18768 9.07551 7.84082 7.61886 6.11048 6.04688 6.55521 7.88707 9.38191 7.21111 7.08713 7.37932 9.70444 11.0765 11.6328 11.4665 12.353 11.9036 12.3419 12.0666 11.0435 11.0441 11.1079 11.6818 12.5433 11.5519 11.6869 11.605 11.8864 12.6838 12.0499 9.84071 8.31214 9.97945 8.72252 7.01734 8.54941 8.91623 8.46365 8.46005 9.93162 8.18276 7.48838 7.33565 8.66287 10.4338 9.05464 6.88598 7.59699 5.95932 6.2176 7.16286 6.60614 6.15521 6.08573 7.00945 7.7313 7.23872
14.8687 13.7098 14.9661 14.2235 15.0554 17.0411 18.3791 20.5831 19.2136 16.1558 15.3752 13.8791 12.3898 10.1907 9.34944 10.5363 8.99727 9.23243 8.91928 5.85918 6.26712 6.85084 8.58471 8.1948 7.48551 6.95563 7.32268 8.40737 10.535 11.3547 10.9905 12.3742 11.8144 12.3974 12.6563 12.1931 12.2994 12.1569 11.6315 11.2481 10.7809 11.0998 11.3314 12.3826 12.5466 11.5959 9.05906 9.15055 9.74071 10.4598 9.18117 9.47157 10.0397 8.83948 9.30196 13.0434 9.51163 9.9909 8.43019 7.68411 8.3123 8.94972 7.56582 6.06355 5.24782 6.4296 6.97986 5.76517 6.09472 4.65405 5.69952 6.21179 4.96225
13.9541 15.6001 16.7204 15.1462 16.059 17.7903 18.2445 19.1146 18.2276 16.3856 14.6278 12.9297 11.4819 10.4078 9.68178 10.4206 9.75446 8.99788 7.70172 6.68944 6.68987 6.94148 6.95142 5.87102 6.88063 7.77492 8.09512 8.11171 9.98528 11.018 10.9205 11.7633 10.6706 12.2195 11.1356 10.5424 11.6968 12.6883 12.5716 11.5394 11.166 10.5811 10.9266 11.0475 11.1225 13.2713 12.4381 11.9211 12.8483 12.9592 12.5015 12.2311 10.1558 8.69995 11.2825 11.2416 8.14964 8.82298 9.49233 8.66257 8.58038 9.60239 8.33687 5.00514 5.31654 7.35503 7.45466 6.51658 5.47132 3.90066 4.54672 4.55483 6.77304
13.8005 15.7611 13.1044 13.3048 15.0834 15.5581 16.7179 17.6194 17.2768 15.616 13.9928 13.6371 12.4093 11.3234 9.38835 9.13037 9.64288 8.88317 8.09459 8.22621 9.02754 9.01348 7.08348 5.8876 6.78426 8.10679 7.16412 8.46295 10.0347 11.1892 11.3692 12.7087 11.3396 11.3422 10.0343 12.3456 13.0926 13.381 12.7764 13.0026 12.2967 10.2419 10.7402 10.8269 12.1003 13.8288 15.0862 14.1432 13.7755 13.7092 12.7024 11.9929 10.5509 11.9101 11.5511 10.295 9.26089 8.21006 10.6674 9.54491 10.2709 10.8291 8.20457 6.77009 6.1395 7.69439 8.04946 7.13806 4.39726 4.129 5.51638 5.60223 6.53492
12.1167 13.5875 12.8468 12.1205 13.8895 14.0129 16.6548 17.9826 17.1248 15.4737 14.5982 13.7098 13.3329 12.6099 8.11691 6.75012 7.34737 7.86637 7.1463 7.49558 7.60996 8.6769 7.43919 6.73597 6.12052 6.17093 7.17468 8.21254 9.00283 8.90139 9.92275 11.4556 9.98811 9.20062 9.95086 11.042 10.875 11.8573 12.862 13.8566 12.0123 11.3876 11.7615 11.9957 12.079 12.9238 14.8069 15.6415 13.419 13.3764 13.8538 12.4843 12.0694 13.6626 11.6776 10.5241 9.96454 7.81996 7.85108 8.39958 10.3699 10.0793 9.12295 9.41096 8.07762 7.12233 8.10237 7.29616 5.45564 4.84752 6.05846 5.74031 6.78979
10.3799 12.3057 13.8528 13.1033 14.7335 13.8831 17.0086 18.7009 16.5881 16.053 15.7233 14.3475 14.8574 15.6896 8.29005 6.38938 5.90784 7.33777 7.02462 7.06801 6.51857 7.48027 6.85143 6.92237 5.5006 6.09987 9.06908 9.29231 9.10332 8.31575 9.7561 11.7672 10.1841 10.4028 11.0792 10.0127 9.84179 10.4189 11.8678 11.6334 9.99978 11.894 12.0273 12.9929 11.8428 13.0495 13.0941 12.7317 12.2102 11.9 12.6507 11.7421 11.8876 13.5999 12.9419 11.0577 10.3314 8.73111 7.41278 8.1769 8.54726 8.05313 8.3853 8.59422 8.99417 7.36629 7.91046 7.29191 5.65027 6.39318 7.2182 5.31959 6.59923
8.32064 10.5714 12.6093 11.4561 12.5944 13.6335 16.8413 17.3474 16.1107 15.8677 14.9526 14.7104 13.9296 14.5739 10.9048 8.11858 5.71062 6.45786 6.38589 6.04904 5.47103 7.06235 6.71568 6.84867 5.0402 6.81942 7.60587 8.72805 8.30062 8.60572 9.09654 10.6214 12.253 12.1983 11.6112 11.0297 10.3198 10.5393 10.3867 10.6105 10.7668 11.1759 10.7532 12.4208 12.7255 14.219 12.3898 12.452 12.2049 11.9152 12.4509 11.2615 13.3774 14.7763 14.7208 12.7161 10.3295 9.74658 7.86506 8.33718 7.44919 7.10897 7.43371 6.63429 8.45258 8.38534 8.41143 7.279 6.17617 6.86176 5.60913 5.11059 5.79896
10.2715 10.3421 11.0291 11.808 11.148 12.0609 14.2946 15.0355 14.3562 14.0701 12.737 13.473 13.6286 13.7525 11.9259 8.673 4.98716 6.01846 6.75766 6.41909 6.48959 5.90286 5.47661 6.79317 7.38401 9.2521 6.90534 7.91893 7.77279 7.76767 8.02415 9.31059 13.8261 12.6144 11.2433 10.6533 11.0626 11.2669 9.94606 10.5221 11.5576 11.0908 12.1415 13.4221 13.6584 12.1004 9.90764 12.0644 11.689 11.1117 10.3883 10.437 10.6752 12.7938 12.7037 11.5943 10.9115 8.21149 6.58334 8.11569 7.37365 6.73309 6.98187 7.25465 7.67528 9.41081 8.23718 7.0921 5.94786 5.39418 4.73288 4.46468 6.03559
12.5902 10.6246 9.75759 13.7406 12.3143 12.8102 13.4739 14.492 15.2109 14.4186 12.7179 12.7907 13.4779 13.2481 13.8071 11.0665 8.06681 7.55633 8.19393 7.15193 6.98901 5.55763 6.91206 8.07786 7.93988 7.87451 7.44418 8.48562 7.82447 7.3371 8.22181 11.2089 14.3909 12.2147 12.3403 11.3886 11.4946 9.33772 9.7369 10.6233 11.7795 12.0385 13.7674 14.0526 14.4843 11.4704 10.661 9.81445 10.1736 9.33285 9.47401 10.7161 9.25813 10.6343 11.0497 12.7005 10.5253 6.81824 7.1911 5.96627 6.86078 7.32049 7.97856 9.28933 9.07385 8.33852 7.59657 8.04428 6.40526 4.72801 4.91736 5.75537 7.25336
12.5481 11.9494 11.4365 12.7266 11.7059 14.0122 14.2355 14.9197 15.3678 15.16 13.5318 13.6036 14.3236 15.1897 14.8702 12.2988 9.55144 7.72916 7.8388 6.45336 6.58464 5.87276 6.31151 8.60404 7.3308 6.24833 7.27834 8.13808 9.41421 7.42765 7.78123 9.83629 13.7377 11.8957 10.6491 10.9873 12.8737 13.8017 12.2137 12.3491 12.872 12.1023 12.761 11.865 13.2116 12.8858 10.5312 10.0279 10.935 11.1114 10.0657 10.7283 11.4929 11.3008 11.0975 10.966 10.2829 7.93997 7.53917 5.4886 6.27147 6.32271 8.66313 9.11547 10.1743 8.52908 9.73819 9.21837 7.49117 6.13931 5.42873 6.40889 6.29844
13.2509 12.7483 12.5488 12.8583 11.8988 13.5752 14.602 16.2145 16.5569 16.9799 15.3299 15.8062 15.4511 15.7481 14.6953 13.0387 11.2291 9.17289 9.27941 7.27294 7.05627 6.93845 7.30837 7.25457 6.33614 6.44375 6.41634 6.32392 8.69203 9.00569 8.30559 9.47352 11.9386 11.3137 11.3214 11.4895 12.6953 11.794 12.9069 13.26 12.5122 12.9458 13.5602 12.4536 14.737 16.0319 11.9626 11.8038 12.4275 12.3545 11.6159 10.6545 11.9865 12.4687 11.586 10.1514 9.16064 8.31648 8.33457 7.0792 7.9392 7.67293 7.83321 7.74112 12.4813 12.7595 13.5963 10.0472 8.49005 7.56848 5.41738 6.27801 5.22047
12.4673 11.8076 12.4644 12.6417 12.5893 13.8791 15.734 17.2505 16.5901 16.7807 15.1104 17.1238 18.0007 17.4373 14.9269 14.9414 15.2773 13.0 11.1773 9.25949 8.61238 8.27752 7.73976 6.32183 5.95324 6.71978 6.64094 6.75097 8.99398 8.377 9.58801 10.2593 12.0731 12.0027 12.4495 11.6942 12.1501 11.3744 13.9618 14.2083 14.5175 12.7784 14.0073 14.2236 15.1809 14.5929 13.9137 12.9123 12.2976 11.826 13.0422 11.2808 10.4148 12.6754 10.9129 11.3606 9.17665 9.97312 8.4736 6.58679 7.90745 8.28109 8.31058 8.25504 8.55159 12.0865 12.4907 12.0821 9.37396 7.48268 6.93002 7.89431 5.76299
11.4409 10.558 11.8782 13.1003 12.2767 13.3063 15.7118 16.4998 16.8704 16.4998 16.9031 17.7707 19.1591 15.6755 14.8229 15.8589 17.6644 15.7751 14.7455 12.0087 10.9387 9.91922 8.03529 7.39411 6.57172 8.39235 6.98683 6.09209 7.9349 10.3071 12.3992 12.2507 11.9856 11.8907 12.8783 12.7869 13.5717 12.4016 13.2432 13.4673 15.1505 14.102 13.6082 13.9613 13.1734 12.5004 13.9946 12.9005 11.1491 11.9121 12.689 11.6479 10.4271 11.6692 10.2707 8.85884 9.62507 9.46449 8.69905 8.01743 8.45002 8.46861 10.0828 10.4678 7.56897 10.2987 9.51554 11.8742 10.9107 10.8255 8.91951 7.27642 5.73971
11.7771 11.0815 11.761 13.6312 13.2613 12.3303 14.2428 16.6428 17.271 16.0367 16.3422 16.4179 18.8075 16.8967 15.0571 15.0045 15.5039 14.7744 14.5447 11.9495 12.6273 11.9918 9.05443 9.43271 7.87822 8.31052 6.80975 5.91356 7.13262 11.0706 12.0202 14.4083 12.2273 11.7161 13.1385 13.2844 15.4405 14.7037 13.3988 13.2566 13.487 13.8058 11.0649 11.1874 10.8878 11.6531 11.9901 12.7178 11.8864 11.9866 12.6858 11.765 11.4732 12.271 10.5384 9.27122 11.4377 9.7609 9.86817 8.78814 6.39604 7.19649 10.312 9.61701 9.22873 12.5409 10.7407 11.0069 10.3666 11.2642 8.90067 6.20518 5.57766
14.9046 11.2173 11.1091 11.105 13.6341 12.6298 14.0405 15.646 15.1997 13.8737 17.5026 16.8837 16.6757 15.5481 15.9772 17.7325 16.6554 15.644 14.8494 13.5203 13.9082 12.7632 9.21017 8.42375 7.01082 8.21947 7.19569 5.97225 6.7966 9.32702 11.064 14.2245 13.894 12.9109 13.9234 13.504 12.556 14.4163 12.3077 11.356 13.5872 13.9465 13.2219 12.6552 11.188 11.3087 11.4431 11.7742 11.5504 12.7366 13.5538 12.9877 11.827 12.1572 12.9943 10.6969 10.3167 10.3352 9.97129 9.56111 7.66987 7.2294 8.40582 7.60211 10.4234 10.7819 10.0728 10.1475 10.7576 11.555 10.1543 8.40547 7.52927
15.1917 13.2894 12.6585 10.9885 13.2596 11.9051 14.3223 15.4038 14.8748 14.5996 16.2143 16.4866 15.742 14.9487 15.017 15.1719 14.7334 15.9791 16.5216 16.7504 15.7981 13.4685 12.0556 9.65763 8.21789 6.58989 7.01324 5.50119 6.91333 8.41862 10.1582 12.1154 13.9228 11.6993 12.5739 14.5819 13.9582 14.9268 11.9434 11.7347 13.5932 13.7378 13.6975 12.7184 11.8194 13.2088 12.6674 11.8819 11.1018 10.5913 13.2125 12.6783 11.4248 10.7787 13.344 10.8019 9.02589 11.221 9.67322 10.5246 8.14258 7.74311 8.95048 9.49645 10.7776 8.90703 9.48701 8.25419 10.1885 10.6668 10.0358 9.19775 7.7717
14.9845 12.2643 13.3943 13.3104 13.9543 12.5013 13.1302 15.2744 15.6581 16.0427 16.0586 17.4399 16.2495 13.9502 15.2236 16.2334 13.2445 15.7139 16.0126 18.4508 16.327 14.0567 13.5706 11.2966 9.71817 7.85218 6.67858 5.4789 7.87592 9.2265 10.2615 9.11722 11.5443 12.0039 13.2805 14.2992 14.5977 15.9227 14.2151 14.5445 14.8848 14.0503 15.2687 14.0629 14.3016 14.7286 13.7507 13.0342 13.3992 12.5303 11.7789 10.0929 11.053 10.9331 10.7977 10.6627 10.9652 12.1295 10.2573 10.6003 9.1302 7.8771 8.35821 8.40551 12.3731 11.2461 11.3291 8.27926 9.40496 10.1959 8.59266 7.92203 7.22701
15.7111 14.5754 14.7416 11.7285 12.6604 12.2877 12.9797 13.5661 15.3276 16.3487 17.1875 19.7117 18.0254 16.57 16.2622 15.8859 16.1445 18.0225 14.8669 15.5333 14.7581 14.269 13.3104 11.419 9.93027 8.63854 7.69598 7.49907 7.53339 8.82388 8.71708 9.06623 11.0816 11.8361 13.0008 13.5399 14.6648 15.4699 14.0068 11.5714 12.7703 11.4749 13.9741 15.0219 15.0842 12.7787 12.3601 11.9678 12.1777 11.1743 10.8984 10.5776 11.8629 12.5821 12.0507 12.3564 13.0531 13.7306 11.1598 11.3152 9.7645 8.46681 8.82455 7.71371 10.0782 9.89364 9.09073 9.97986 10.4916 10.55 10.2753 9.92366 8.56571
15.482 14.9647 14.721 12.0981 12.8796 12.7113 12.8858 11.409 14.8363 15.4833 15.6879 17.8832 17.4227 17.9056 16.6105 14.7242 16.6394 16.7412 16.6564 14.8448 14.3564 14.5105 13.176 11.7093 8.92378 9.27907 9.502 10.0046 6.70448 7.74308 8.52703 9.59939 11.1267 12.1199 12.6744 12.2271 12.8338 14.9257 15.6895 12.6856 14.9934 11.3982 11.1689 13.8232 11.802 11.1942 11.6401 11.8739 11.0174 9.43436 10.3219 11.3513 12.6703 12.7474 13.5557 13.3172 12.1072 11.3226 9.24652 10.7883 9.56805 8.12764 8.7205 7.92665 8.8916 8.71422 9.17965 11.8569 9.45796 9.08148 11.348 11.6636 8.90168
14.3972 15.1764 15.2461 11.721 11.3315 10.9911 11.6325 11.4911 12.4768 15.3522 15.3844 15.9023 15.3288 16.1735 16.0383 13.7614 14.8012 13.3458 16.1296 16.9054 16.8326 16.7264 13.7377 13.1531 11.8717 10.1029 9.70574 9.75662 8.34723 8.73117 9.70797 11.1672 12.5638 10.8786 11.0298 11.613 12.3686 11.9264 8.89769 8.49024 12.6136 13.6083 13.8732 13.0215 12.0416 12.092 12.5474 13.5626 13.5674 10.6843 11.63 12.7309 13.2589 11.2077 12.9642 13.6403 12.0246 11.6487 11.0272 12.1858 9.35851 9.21288 9.94858 8.35436 8.21733 9.10816 9.83523 10.7802 8.75047 9.3516 10.7745 12.7401 8.82362
12.4217 13.7969 13.8149 13.6013 11.3762 9.92117 10.9745 12.359 12.5045 15.7555 15.789 17.9641 15.5808 15.0989 15.8859 15.8453 16.504 13.3432 14.4411 18.2285 18.2526 17.4017 12.3728 12.9599 13.0266 9.71941 9.05723 8.78306 9.3392 10.0072 10.0041 11.4157 12.4762 12.9694 10.9809 11.9451 11.9693 12.6435 11.7589 12.6508 13.2857 14.0843 12.4175 12.1371 14.3535 13.4326 13.0617 13.2616 12.713 9.78703 12.0929 14.2502 15.3728 11.3457 12.0581 13.311 8.93391 9.33924 10.1458 10.0822 10.51 10.0599 9.87335 9.36485 7.59446 8.09409 8.62691 10.6094 10.0501 8.78939 8.06286 10.2627 8.57716
12.657 12.5276 12.7998 13.6577 12.8074 12.4837 10.9183 10.9121 12.0071 14.5089 15.0095 14.9664 13.8649 14.1938 15.5473 15.6831 16.2943 15.5589 13.7768 17.0247 17.3161 16.8052 13.6023 13.4245 14.3983 10.0104 8.12467 8.32297 9.29073 10.2584 8.83457 9.77167 9.47269 11.2548 12.1685 12.8314 11.5634 11.925 11.4149 11.8284 13.5917 14.4966 12.4403 14.1837 14.3838 12.2685 14.4465 14.758 13.7181 11.9183 12.5302 13.9497 14.7645 13.8006 11.3178 11.6293 7.97559 8.25424 9.6418 9.70191 9.62029 9.61616 9.36942 9.47085 9.17215 9.00703 7.99105 9.58733 9.0722 8.74871 8.9274 8.49137 7.84446
11.3261 11.133 12.653 13.4083 12.4242 11.4189 9.87005 9.12396 11.3537 13.4756 14.9847 15.6583 14.8789 14.1948 16.0013 16.5752 16.5811 17.5304 16.4823 18.2415 17.4795 16.4387 14.5632 15.5136 15.3616 9.8216 8.30706 8.03444 8.5143 8.95939 9.31968 10.6429 10.418 12.1667 13.3977 12.3292 12.0808 12.6811 13.4826 12.5878 14.2459 14.9818 15.1841 17.386 14.6125 14.5404 16.8237 15.1577 13.593 13.5044 14.5518 13.9244 13.1724 12.0685 11.9777 12.5381 9.14807 9.03386 10.3559 9.77107 8.56415 9.09819 8.74177 9.01797 10.1668 9.88978 9.84389 10.3985 8.43397 8.79412 9.28002 8.7576 8.33582
10.3231 10.9946 12.1882 13.0563 11.6548 10.7111 9.62859 9.07426 9.73781 12.2472 14.8894 16.5409 16.1123 14.1263 14.4787 17.4653 18.0149 18.1405 16.5557 17.0776 17.2813 16.481 15.2827 15.318 18.1039 12.866 10.9115 8.97962 8.8865 8.74073 9.45943 10.3589 11.1837 12.9222 13.4347 13.5223 12.7356 12.7481 13.8679 11.7155 13.869 14.1196 13.8321 14.1384 12.8239 13.4316 12.8906 14.8529 10.8815 12.8242 15.6628 14.3602 14.6289 14.4812 11.5487 8.65324 7.95461 8.45902 9.65337 10.5448 7.47644 9.18766 11.685 8.22611 8.05855 9.05385 8.021 10.2897 9.07789 9.4947 10.3166 10.6386 9.592
9.54008 11.9542 10.9264 11.1179 10.2071 10.4483 10.1202 9.95519 9.47381 11.2046 14.0962 15.2448 14.662 13.8299 15.7131 17.947 18.1835 17.4486 15.259 15.3546 17.3282 15.973 15.376 14.1378 16.1666 13.4665 12.0815 10.5315 10.1206 9.76571 9.55996 10.0605 10.5077 12.1543 12.385 13.6577 11.9225 10.8909 14.8561 12.5583 11.5157 10.9892 10.408 11.2028 13.4426 11.4477 7.97452 18.4024 13.8851 11.0988 14.6924 14.645 14.3674 11.2558 8.59198 6.31811 6.64398 6.90135 7.51154 9.48203 8.77112 8.02393 8.39094 7.32889 6.54542 8.27139 7.62578 9.35971 8.41481 8.95028 9.9691 9.52806 8.59414
