pygmi/test/th.asc
ncols 			232
nrows 			481
xllcorner 			-20187.5000000001
yllcorner 			-2823315.0
cellsize 			125.0
nodata_value 		1e+20
[rows 32 to 63 of 481, columns 0 to 72 of 232]
1e+20 1e+20 1e+20 1e+20 1e+20 1e+20 1e+20 1e+20 1e+20 1e+20 1e+20 1e+20 1e+20 1e+20 1e+20 1e+20 1e+20 1e+20 10.2938 10.4961 11.215 13.2635 14.0104 12.9332 12.8867 10.696 13.2687 12.8984 11.2521 12.9277 11.5242 12.5274 12.5912 11.2523 10.8836 8.8186 9.25996 10.5638 13.156 11.3842 11.1081 10.7096 11.0291 9.35684 8.12636 8.78769 9.06569 10.928 11.6534 10.652 10.5157 10.2501 9.80428 8.77808 9.86609 10.0223 11.452 11.3116 11.3985 9.74196 11.4788 11.5583 10.2224 9.21234 8.52071 6.89048 8.51464 9.24337 8.2919 9.27894 9.31024 8.60076 8.75265
1e+20 1e+20 1e+20 1e+20 1e+20 1e+20 1e+20 1e+20 1e+20 1e+20 1e+20 1e+20 1e+20 1e+20 1e+20 1e+20 1e+20 1e+20 9.69883 9.77416 10.1138 10.1577 13.0931 13.3451 12.7883 9.86643 10.0178 10.946 9.18487 11.32 11.0376 10.818 11.3145 10.665 13.5441 11.3639 9.90144 9.51762 10.8642 9.03171 10.8046 10.677 10.4467 10.4921 9.32381 9.80232 12.3915 12.5981 12.152 8.68869 9.9632 11.0212 11.4033 10.7236 11.6266 11.9731 11.5295 10.034 9.33998 10.0905 10.8444 10.5135 9.97219 9.33479 8.59917 7.63319 7.85101 7.85133 8.1263 9.06645 9.50819 8.48713 8.13801
1e+20 1e+20 1e+20 1e+20 1e+20 1e+20 1e+20 1e+20 1e+20 1e+20 1e+20 1e+20 1e+20 1e+20 1e+20 1e+20 1e+20 1e+20 9.24514 9.5402 11.0262 11.5145 11.5896 12.4123 11.8514 10.4689 12.7173 11.3907 8.83208 11.5661 12.9666 13.5618 15.0478 12.3981 12.9673 10.6433 11.1117 12.2623 11.8925 9.42759 9.99959 9.66642 11.1711 11.4802 10.4328 10.7643 11.9433 12.7144 13.0184 12.2345 11.2966 10.1787 9.94617 10.4248 11.0492 11.5689 10.994 8.34815 8.05038 10.8354 10.1417 8.44842 9.75319 10.1217 9.22557 8.78465 8.63248 8.2147 8.60833 9.80381 9.46321 8.7882 9.2866
1e+20 1e+20 1e+20 1e+20 1e+20 1e+20 1e+20 1e+20 1e+20 1e+20 1e+20 1e+20 1e+20 1e+20 1e+20 1e+20 1e+20 1e+20 8.90108 9.02014 11.2524 12.9228 9.302 8.49332 10.2027 10.2349 11.89 11.9946 9.59997 11.7608 13.4659 11.4111 13.0889 10.6944 12.427 12.0238 11.284 14.4727 12.3077 9.40982 11.5921 11.4044 12.8592 12.6255 10.9639 9.66036 14.5611 13.1283 12.7757 11.1203 10.6 9.13646 9.72314 10.185 10.9886 10.6715 9.92349 10.4816 8.70023 10.1483 9.88693 9.25356 10.4504 11.5195 9.65379 9.18083 9.38507 8.24455 9.1545 9.42955 9.3231 9.76815 9.55058
1e+20 1e+20 1e+20 1e+20 1e+20 1e+20 1e+20 1e+20 1e+20 1e+20 1e+20 1e+20 1e+20 1e+20 1e+20 1e+20 1e+20 1e+20 9.4055 9.80173 10.8235 12.2589 10.5407 9.18877 9.02598 7.05792 9.68581 11.5686 12.351 12.2099 11.7498 10.4841 13.4197 10.931 12.1524 13.2874 10.5782 9.22253 10.6774 9.62774 10.821 10.5167 10.3647 10.6865 11.632 10.8118 12.9032 10.9018 12.5268 11.0251 11.5467 11.3012 10.4471 9.66538 10.0068 9.22584 7.77509 11.0232 11.0629 10.609 9.1842 8.48557 9.81312 9.86982 9.81997 9.36965 10.3229 9.69465 10.2675 8.50768 9.3408 11.4809 10.8363
1e+20 1e+20 1e+20 1e+20 1e+20 1e+20 1e+20 1e+20 1e+20 1e+20 1e+20 1e+20 1e+20 1e+20 1e+20 1e+20 1e+20 1e+20 11.1888 11.3855 10.5849 10.1548 9.26978 9.54337 10.6289 7.32801 8.48725 10.3334 11.4963 12.9085 13.4242 11.2728 11.0029 10.3734 10.1023 10.6222 9.2878 9.39703 10.7425 9.60494 11.3439 11.464 10.3278 11.8769 11.2838 9.90492 10.6701 10.6378 11.7003 11.4466 10.9021 11.6663 10.6073 9.25312 10.2656 10.1717 9.32664 9.78543 9.83633 10.5366 10.0063 7.91016 10.2977 10.4504 11.0307 10.4987 12.2053 10.1554 9.97626 9.5128 7.98059 8.89319 9.36037
1e+20 1e+20 1e+20 1e+20 1e+20 1e+20 1e+20 1e+20 1e+20 1e+20 1e+20 1e+20 1e+20 1e+20 1e+20 1e+20 1e+20 1e+20 10.4038 10.2517 9.82357 9.89508 8.87964 8.40245 8.97428 8.60902 8.71382 10.049 9.87851 12.2776 12.9827 10.5378 8.98544 11.4062 9.9635 9.81604 9.53728 11.4894 13.0651 10.4739 10.2993 12.3742 9.85186 10.9234 10.8873 10.2926 10.9713 10.3739 9.45031 9.55651 8.74159 11.3441 9.50657 7.7677 11.0442 12.1533 10.9506 8.62344 9.5429 10.4822 10.1704 8.83997 7.74261 10.6681 10.4308 8.9982 11.9147 10.3741 9.03921 8.27778 7.9401 7.5938 10.0228
1e+20 1e+20 1e+20 1e+20 1e+20 1e+20 1e+20 1e+20 1e+20 1e+20 1e+20 1e+20 1e+20 1e+20 1e+20 1e+20 1e+20 1e+20 9.26309 8.92696 9.70531 9.73342 8.93835 8.32399 9.12876 9.45026 10.267 11.5491 9.72663 9.75373 8.86081 9.32895 8.95135 10.0056 9.18709 11.2223 13.8673 13.5051 12.5115 11.4241 10.2281 11.5857 9.95304 10.8731 11.1129 10.3986 8.58537 10.1776 11.074 10.6133 9.77466 11.9128 9.06819 7.46002 8.97378 12.7542 10.8831 10.1379 9.91954 8.9641 8.00865 10.2605 8.92199 10.4921 10.3678 8.36635 8.45305 9.34153 9.18031 10.8088 10.1891 8.74802 10.0508
1e+20 1e+20 1e+20 1e+20 1e+20 1e+20 1e+20 1e+20 1e+20 1e+20 1e+20 1e+20 1e+20 1e+20 1e+20 1e+20 1e+20 1e+20 9.48695 9.64718 10.9442 11.0782 9.64114 8.28776 9.5596 8.03444 10.6672 13.4937 11.0804 10.3453 11.3661 10.9978 10.0031 10.5738 9.71989 11.4661 13.2587 12.2304 10.1598 10.8385 9.39432 11.6212 9.66235 10.687 11.6643 12.1447 10.9394 11.6516 12.1519 11.1081 8.73242 10.5864 9.32922 8.34387 9.97301 11.56 10.0486 10.4885 9.00145 7.66938 6.02142 7.848 8.08195 11.0266 10.7022 8.3937 8.61577 9.3762 10.267 10.4973 9.27622 9.13626 9.07903
1e+20 1e+20 1e+20 1e+20 1e+20 1e+20 1e+20 1e+20 1e+20 1e+20 1e+20 1e+20 1e+20 1e+20 1e+20 1e+20 1e+20 1e+20 10.9681 10.3372 10.8587 9.87697 9.82311 8.78167 13.2227 10.062 10.0646 10.2261 9.99351 10.2831 11.4661 12.3265 11.3884 11.4567 9.36846 11.1213 10.4622 10.9499 10.029 9.42585 6.24516 9.27319 10.6425 10.826 10.2642 11.8506 11.5283 11.2215 9.97823 11.2311 8.27585 9.52103 9.91662 10.5665 11.5482 11.7102 10.0921 9.49599 8.22596 8.85377 7.98986 8.28682 8.78252 11.2721 11.4396 8.47004 8.25352 9.04319 10.1335 8.35855 6.63172 8.14769 9.66919
1e+20 1e+20 1e+20 1e+20 1e+20 1e+20 1e+20 1e+20 1e+20 1e+20 1e+20 1e+20 1e+20 1e+20 1e+20 1e+20 1e+20 1e+20 11.6477 11.7131 12.2355 11.0984 9.30868 7.6361 10.2386 10.9347 10.3715 10.6101 11.4163 11.5555 12.0936 11.4484 10.5239 10.0395 9.50092 11.3366 10.4568 10.8077 11.4017 11.3466 10.1453 10.5671 13.2851 11.8641 10.354 11.2322 10.4373 9.65617 9.01206 9.67303 9.63303 9.85677 9.7108 10.6048 10.7775 10.4863 10.2668 12.0823 9.8371 10.5041 10.0644 9.54446 10.72 11.7748 11.4185 10.7589 10.5836 9.46338 8.13384 6.56961 6.69413 8.60465 10.4503
1e+20 1e+20 1e+20 1e+20 1e+20 1e+20 1e+20 1e+20 1e+20 1e+20 1e+20 1e+20 1e+20 1e+20 1e+20 1e+20 1e+20 1e+20 11.9321 12.1885 12.3811 11.4408 10.0203 9.68511 9.3315 11.8587 9.63549 9.51396 12.0592 10.5932 11.6106 10.4764 10.8354 9.84108 8.70551 10.3431 10.349 10.5401 11.9374 13.0157 13.3568 10.4263 11.1353 10.9283 9.09805 10.2297 9.26545 9.40956 9.84167 9.12375 10.4402 12.3332 8.92082 8.33986 8.63334 9.17676 10.551 10.5826 8.61364 9.83616 9.97759 8.89288 9.41223 9.86659 9.60982 9.81186 9.32396 8.82518 6.31034 6.6074 7.06539 7.36988 10.4847
1e+20 1e+20 1e+20 1e+20 1e+20 1e+20 1e+20 1e+20 1e+20 1e+20 1e+20 1e+20 1e+20 1e+20 1e+20 1e+20 1e+20 1e+20 12.0605 12.4388 12.5859 11.9149 10.8669 11.0413 11.7775 10.7246 11.7219 9.81686 10.5208 9.95007 11.091 11.3041 11.4843 10.0943 9.44895 10.6964 10.4562 10.2713 9.91942 11.5053 10.7736 7.33238 9.43414 10.9224 10.8341 9.338 9.09074 8.57287 11.0685 10.9407 11.4897 10.4547 8.93051 9.13953 8.73233 9.81428 11.023 11.017 11.6899 13.8658 12.3813 10.3641 9.00509 8.53632 9.45349 8.58043 7.5655 8.50683 8.02606 8.30414 8.24712 8.24245 9.88037
1e+20 1e+20 1e+20 1e+20 1e+20 1e+20 1e+20 1e+20 1e+20 1e+20 1e+20 1e+20 1e+20 1e+20 1e+20 1e+20 1e+20 11.6029 12.1273 12.674 13.0084 12.6144 11.0284 10.9158 10.2671 6.76369 11.2201 10.9805 10.33 9.85724 11.4139 11.9964 11.5579 9.8488 9.25515 10.167 10.0601 10.5558 9.02279 10.0482 10.4835 8.81705 9.01353 10.1341 7.09242 8.99571 10.4819 9.94855 10.275 10.0832 7.97326 7.37368 7.57514 7.97117 8.96497 10.9908 13.2515 12.1955 12.6047 12.8799 13.3053 11.7748 9.50896 8.51683 7.13844 8.82127 8.81898 6.89969 6.32372 7.34957 8.77026 9.46314 9.99728
1e+20 1e+20 1e+20 1e+20 1e+20 1e+20 1e+20 1e+20 1e+20 1e+20 1e+20 1e+20 1e+20 1e+20 1e+20 1e+20 1e+20 11.5926 12.0337 12.6961 13.3988 13.7523 11.9569 10.9128 12.2871 9.79367 10.1782 11.4991 10.6682 10.4902 12.1941 12.1582 10.8897 9.09236 9.1876 10.562 9.40162 10.8391 10.2587 9.93002 11.8872 11.3467 8.93866 10.7691 11.9269 11.2852 10.0585 10.6822 9.32069 9.64481 7.76396 6.37186 8.25965 10.2954 9.41617 9.84494 9.9887 9.90303 10.8531 10.4656 13.3735 12.5854 11.8188 10.4215 7.19069 8.05825 10.8401 7.00681 6.7323 6.75674 8.057 9.58974 11.3762
1e+20 1e+20 1e+20 1e+20 1e+20 1e+20 1e+20 1e+20 1e+20 1e+20 1e+20 1e+20 1e+20 1e+20 1e+20 1e+20 1e+20 11.3586 11.6237 12.0325 12.5131 12.7425 12.0091 11.0167 11.9119 11.8353 11.1603 10.9827 10.4505 10.3803 11.4037 11.5699 9.57761 9.01709 9.64813 10.0197 9.92863 10.3448 8.95416 8.66549 8.44732 9.0523 8.84862 10.3813 11.0409 11.585 10.8804 9.2613 9.66634 9.7383 9.00935 8.24305 9.78837 11.381 10.0546 9.33628 8.85577 8.61247 8.14878 10.3286 10.6878 10.0857 11.3189 9.48339 8.977 8.74277 9.37617 8.77793 9.40183 9.27234 10.4108 10.9905 11.0474
1e+20 1e+20 1e+20 1e+20 1e+20 1e+20 1e+20 1e+20 1e+20 1e+20 1e+20 1e+20 1e+20 1e+20 1e+20 1e+20 1e+20 11.1291 11.0651 10.9756 11.1692 11.1943 11.4422 13.0107 11.3011 10.6348 10.0479 10.1955 11.4825 12.1671 11.3458 11.0757 11.2151 9.83156 9.98091 11.0738 10.9373 10.6088 10.7651 10.2385 9.99353 8.84356 8.83773 10.0729 10.7797 11.2734 10.2121 10.2591 10.8764 9.87396 8.92963 9.26364 11.0668 9.47081 9.08157 8.60074 9.34562 10.239 10.2143 9.33144 8.65256 9.82617 10.1484 7.17718 9.73789 9.31143 7.82244 8.70483 9.78857 9.97517 9.5901 10.4068 10.9646
1e+20 1e+20 1e+20 1e+20 1e+20 1e+20 1e+20 1e+20 1e+20 1e+20 1e+20 1e+20 1e+20 1e+20 1e+20 1e+20 1e+20 11.1804 10.8869 10.0686 10.1186 9.4252 8.87893 10.989 11.3549 10.1125 8.82831 8.91122 11.4702 14.2008 12.5095 11.126 11.3564 11.0038 11.8655 13.0879 12.2153 11.5462 12.4275 11.9364 12.8549 9.22261 10.0464 11.9163 10.3768 9.39027 7.21431 8.8538 9.28314 8.47151 9.62559 9.94684 9.79275 6.68447 8.54132 8.14968 10.3866 12.0545 12.2944 9.20858 8.71227 9.27264 13.4072 8.51106 7.32893 9.89767 8.5472 9.43235 10.4282 11.5226 12.107 10.679 11.8053
1e+20 1e+20 1e+20 1e+20 1e+20 1e+20 1e+20 1e+20 1e+20 1e+20 1e+20 1e+20 1e+20 1e+20 1e+20 1e+20 1e+20 12.2561 11.7222 9.95474 10.8639 9.71603 9.02273 9.64552 13.0352 14.0866 13.2687 9.11842 12.1295 12.4022 12.1097 11.6821 11.8524 11.0304 10.9701 12.4097 12.1308 11.6758 11.6961 10.1869 12.0778 10.8064 10.5459 11.1126 10.8364 10.114 7.68608 9.44139 8.64905 7.73841 8.86716 9.5255 7.84434 8.11871 10.4242 9.89929 12.4067 13.3115 13.0792 10.4247 10.7443 10.783 11.9777 7.99719 6.77387 7.96566 7.67204 9.58338 10.1887 11.4272 11.2967 10.1361 9.56497
1e+20 1e+20 1e+20 1e+20 1e+20 1e+20 1e+20 1e+20 1e+20 1e+20 1e+20 1e+20 1e+20 1e+20 1e+20 1e+20 1e+20 12.969 12.6177 12.1234 13.7727 11.9641 10.5617 10.1747 12.1089 12.2177 13.432 9.45442 9.67654 10.2705 11.1218 11.3064 12.5908 11.1966 10.8819 12.1904 11.4841 10.2571 11.1829 8.59588 8.26718 10.258 9.63117 11.0565 11.8625 12.5944 11.169 9.32928 8.05951 7.75995 8.48334 9.7667 10.275 9.97706 10.6764 11.2715 11.8796 12.6763 13.4097 10.435 11.755 12.9509 13.2225 11.0039 9.38843 8.75317 9.38647 11.2448 9.4915 9.96259 10.9518 10.5151 10.9175
1e+20 1e+20 1e+20 1e+20 1e+20 1e+20 1e+20 1e+20 1e+20 1e+20 1e+20 1e+20 1e+20 1e+20 1e+20 1e+20 1e+20 12.4364 12.1488 10.1714 12.2163 12.1489 11.8719 11.9362 13.1063 12.8288 12.0944 9.21543 12.2859 11.8614 11.8502 11.7368 12.6737 11.3663 12.7665 12.1339 11.6618 11.0677 10.115 9.59709 9.29096 9.03376 8.62042 13.1238 11.8871 10.4837 8.23913 7.65605 7.39062 8.14814 8.34483 9.37416 9.22807 9.7119 9.42863 9.78784 10.7505 10.7273 11.7077 13.2084 12.6033 12.0083 12.6732 11.1873 11.2758 9.38752 9.82034 10.7318 10.5861 12.0775 11.43 10.9965 12.0253
1e+20 1e+20 1e+20 1e+20 1e+20 1e+20 1e+20 1e+20 1e+20 1e+20 1e+20 1e+20 1e+20 1e+20 1e+20 1e+20 1e+20 11.4394 11.8203 11.8621 12.0355 10.7249 10.5025 10.7925 13.8133 12.7649 12.7547 11.7248 12.5378 12.156 11.7013 11.5433 13.5686 12.1546 12.6731 10.9928 11.4001 11.5144 8.86843 9.83633 10.414 10.3241 13.0276 13.541 10.5949 9.40147 8.99174 7.91058 8.91383 8.60259 7.96957 9.63551 9.06861 9.97084 9.71783 10.9752 11.7444 11.4017 12.9705 12.8819 10.5968 8.43434 11.9161 11.511 11.4604 8.53913 9.34839 7.77766 9.69524 11.5812 11.2139 10.1556 12.0545
1e+20 1e+20 1e+20 1e+20 1e+20 1e+20 1e+20 1e+20 1e+20 1e+20 1e+20 1e+20 1e+20 1e+20 1e+20 1e+20 1e+20 11.2421 11.6597 11.9868 12.5128 14.1602 12.5742 11.3508 13.0388 13.1095 13.1915 13.0733 12.4673 11.707 11.4136 11.5925 11.8109 10.8233 11.347 10.3832 10.4782 12.663 10.5581 9.23937 11.6838 11.1635 11.5548 12.513 9.73646 8.69899 8.43154 7.70648 9.18019 6.95661 7.67725 10.3464 7.91984 7.85873 9.17204 11.8503 11.9191 11.0449 11.7741 11.2128 10.843 8.97733 9.70776 10.1717 12.197 10.4538 9.81053 9.38707 11.6228 12.2602 11.4088 9.82269 8.81386
1e+20 1e+20 1e+20 1e+20 1e+20 1e+20 1e+20 1e+20 1e+20 1e+20 1e+20 1e+20 1e+20 1e+20 1e+20 1e+20 1e+20 11.3832 12.3754 10.851 10.1418 11.7511 11.4774 10.0221 11.6616 12.271 12.4085 11.9483 11.5047 10.9137 10.6274 11.3715 11.6947 13.5435 13.4212 11.6056 11.7812 12.836 12.0361 9.22413 9.69397 10.1963 9.82055 8.71553 7.40528 8.15374 7.83215 5.94994 7.6953 6.8842 6.46803 8.46388 8.37408 6.62785 9.60628 9.9189 10.7088 9.56078 10.0842 8.731 10.0734 8.12937 8.32445 10.9866 12.7884 11.2705 9.04981 10.5744 13.8302 12.3555 10.7657 9.90987 7.75695
1e+20 1e+20 1e+20 1e+20 1e+20 1e+20 1e+20 1e+20 1e+20 1e+20 1e+20 1e+20 1e+20 1e+20 1e+20 1e+20 1e+20 11.2926 11.2205 9.57253 9.5321 8.97548 10.8513 10.3369 11.069 11.818 11.9923 11.6663 11.4711 12.1062 11.0713 12.3937 12.762 15.5637 16.0767 13.5636 13.2032 12.9866 12.2507 9.89255 8.69707 10.2074 9.11999 8.14016 7.33914 7.20987 8.77124 7.53918 8.25372 8.12891 7.69163 7.69715 7.6688 7.15938 7.53171 7.33081 8.93544 10.6108 10.7409 8.77021 10.0905 6.77084 7.24855 10.3127 13.186 11.3771 11.9196 10.7659 12.546 11.0359 9.32401 9.85653 9.00609
1e+20 1e+20 1e+20 1e+20 1e+20 1e+20 1e+20 1e+20 1e+20 1e+20 1e+20 1e+20 1e+20 1e+20 1e+20 1e+20 1e+20 1e+20 11.6503 11.4073 11.8693 10.1458 10.1154 10.8166 12.7329 13.1023 12.1932 11.5345 10.8538 11.82 12.479 12.9216 11.5626 14.3839 15.307 13.0862 13.2911 13.7185 12.8647 10.0718 11.1725 12.3835 8.67045 9.32923 8.3766 6.69024 7.34279 7.17481 6.91446 7.57281 8.49937 7.47424 8.20725 8.16287 7.49827 7.51784 7.81644 10.6061 7.8789 4.92289 8.14035 6.86626 6.8277 9.37011 11.6824 9.75029 9.84679 9.59502 11.4272 9.38251 9.85599 10.3815 7.54067
1e+20 1e+20 1e+20 1e+20 1e+20 1e+20 1e+20 1e+20 1e+20 1e+20 1e+20 1e+20 1e+20 1e+20 1e+20 1e+20 1e+20 1e+20 12.0108 11.818 10.9674 10.3703 9.70436 11.3457 12.3009 11.6886 11.2963 12.1442 9.88387 10.688 11.0939 11.4256 11.2545 11.3155 15.0276 14.109 12.1044 13.8517 13.0244 11.1148 12.503 10.9956 9.24196 11.5202 9.00396 7.44136 7.10029 8.02304 6.62498 6.6765 8.1272 8.25638 8.26223 6.38025 7.01235 8.44941 7.60897 7.76775 5.6915 5.62663 6.44315 7.48358 9.34285 10.5594 12.7139 10.6888 9.51856 7.43375 9.02032 9.52655 10.6797 10.3219 8.96267
1e+20 1e+20 1e+20 1e+20 1e+20 1e+20 1e+20 1e+20 1e+20 1e+20 1e+20 1e+20 1e+20 1e+20 1e+20 1e+20 1e+20 1e+20 11.9632 10.9084 9.31658 10.7705 11.5611 12.3753 10.8197 10.925 10.5597 12.2652 11.1891 10.8806 9.85918 10.279 11.2133 12.666 14.7455 15.3895 12.182 12.481 12.7118 10.8345 10.2037 8.14941 7.22137 9.99739 9.85494 7.2116 7.38506 7.84984 6.25913 7.31714 9.2323 5.87062 5.07959 2.56144 5.336 7.44579 7.98513 6.50823 6.49151 7.81239 7.17835 7.8529 8.90846 8.66124 10.7836 9.8729 9.65257 8.36127 7.92629 7.68579 9.99373 8.97411 8.92384
1e+20 1e+20 1e+20 1e+20 1e+20 1e+20 1e+20 1e+20 1e+20 1e+20 1e+20 1e+20 1e+20 1e+20 1e+20 1e+20 1e+20 1e+20 12.5395 11.5586 10.0273 11.2171 12.1809 10.5589 8.74167 11.3483 11.6911 11.2487 11.3937 10.9189 11.93 10.468 11.0376 12.9759 13.0276 12.757 12.7057 11.4454 12.767 11.2398 10.43 10.8365 9.49098 9.89697 9.60981 8.70958 7.79014 6.39766 6.88107 7.0394 7.75284 7.51934 6.80148 5.50898 6.32177 7.17389 7.94587 7.77103 7.14083 7.38827 6.53582 7.38466 7.6941 6.74215 9.28626 7.59654 8.84809 9.06653 7.44345 8.72025 11.3556 8.34541 8.50866
1e+20 1e+20 1e+20 1e+20 1e+20 1e+20 1e+20 1e+20 1e+20 1e+20 1e+20 1e+20 1e+20 1e+20 1e+20 1e+20 1e+20 1e+20 1e+20 13.1015 11.5941 11.5818 11.6335 12.2719 8.93163 11.1447 12.4579 10.1388 10.229 10.5206 13.0436 11.2923 11.5397 14.3092 12.8057 12.2004 12.9523 11.0383 12.3084 12.628 11.6625 10.6578 8.46328 8.60772 7.54553 9.08394 7.43087 6.63404 8.5753 7.16733 4.41022 7.3323 8.28949 8.26115 8.05922 8.09141 8.84045 8.48398 7.24003 7.25545 5.47249 7.17713 7.86337 6.82741 7.18707 7.2583 8.69375 8.81717 7.90547 8.45219 9.20573 9.32803 9.57782
1e+20 1e+20 1e+20 1e+20 1e+20 1e+20 1e+20 1e+20 1e+20 1e+20 1e+20 1e+20 1e+20 1e+20 1e+20 1e+20 1e+20 1e+20 1e+20 1e+20 13.9626 11.4266 9.50031 11.1834 10.4559 11.7743 13.2091 10.9782 10.4704 10.6395 11.9366 11.0075 13.1425 13.5536 11.3205 10.7852 10.27 8.84117 12.2534 13.7288 12.2148 9.54197 8.95322 9.51392 7.60628 7.317 6.11373 6.19752 8.28279 8.68957 5.4771 6.88011 8.3287 7.829 7.52808 7.25983 7.43153 7.89414 6.21659 7.27917 7.12112 8.43316 8.6995 7.47495 6.51088 7.82626 8.30665 8.67301 8.48844 7.99253 7.0452 10.3116 10.3348
1e+20 1e+20 1e+20 1e+20 1e+20 1e+20 1e+20 1e+20 1e+20 1e+20 1e+20 1e+20 1e+20 1e+20 1e+20 1e+20 1e+20 1e+20 1e+20 1e+20 13.4971 11.5134 10.536 11.4992 11.2521 11.7867 11.3311 8.55339 11.3191 11.7694 12.1002 11.4095 12.2524 13.086 11.3213 11.5402 10.4075 10.5744 11.5778 14.3915 12.5292 11.0355 9.96103 10.1599 9.51559 7.61799 7.71017 7.71831 8.02134 7.92913 7.28637 6.63987 6.92766 6.17506 6.87801 7.42434 7.69875 8.92039 6.53186 4.34156 6.7707 7.40177 7.15563 8.25944 8.69143 8.40402 7.65259 8.12145 7.17688 8.29955 7.2275 9.01912 10.3423
