pygmi/test/th.asc
ncols 			232
nrows 			481
xllcorner 			-20187.5000000001
yllcorner 			-2823315.0
cellsize 			125.0
nodata_value 		1e+20
[rows 64 to 95 of 481, columns 73 to 145 of 232]
8.20402 9.28641 9.40343 10.0756 9.96702 10.4152 12.8895 10.0231 11.9174 12.9842 12.4306 11.6259 12.0455 10.0821 9.4652 9.70649 10.4187 11.6186 10.5085 12.5932 11.8694 11.1712 11.2715 12.3275 11.3454 9.30009 8.80757 8.00458 7.9253 8.79124 9.86232 9.49642 11.0069 11.2914 8.55029 9.45435 11.0486 9.3519 8.26443 7.29428 9.37468 8.2885 5.14245 7.20068 7.81413 7.57926 9.97995 7.58633 6.90468 4.9338 6.83833 7.74841 7.20636 6.1759 7.70107 9.34967 8.24101 6.90058 10.3303 7.60402 10.1648 14.8071 10.2388 9.05199 9.64815 12.01 12.1811 11.3387 10.2505 11.0045 13.9138 9.89418 10.5729
11.9184 9.52013 9.0407 9.73219 9.25877 8.32246 11.7764 9.85884 10.7804 11.1161 9.82705 8.959 11.0105 9.99837 9.58749 10.0759 10.9788 12.002 13.2597 13.9026 13.4637 10.3043 10.2347 10.5634 8.01637 6.79386 7.02987 6.86996 7.47729 8.36283 9.61481 9.85211 10.7032 10.424 8.69866 8.42828 9.01138 8.15857 9.37002 8.42181 9.27699 9.53075 6.7811 6.85426 6.48291 7.48952 9.16271 8.81887 7.56369 5.41048 6.66671 6.18486 6.3647 5.29261 9.01234 8.54857 6.92535 7.64996 7.07963 4.76268 9.14922 14.5982 9.50181 7.69674 9.75032 12.1269 12.3618 10.5909 9.6555 13.0401 13.233 10.5104 9.70929
10.2019 7.47967 8.15497 8.06041 9.58108 9.46306 10.4527 10.4978 9.99089 10.1277 8.57252 9.09041 10.1062 7.74613 7.8129 7.15638 10.4378 12.7208 13.771 13.4449 12.2207 9.91365 10.4369 9.80296 8.58303 6.08396 7.65731 6.92607 7.70814 7.89773 9.58249 9.6341 9.11421 7.0327 7.73958 7.63905 7.0098 5.59164 8.13422 7.99638 8.26271 8.92348 7.7792 7.30003 6.66051 8.3602 8.92208 9.23026 7.50453 4.85737 6.65303 7.20391 8.05737 7.34397 7.76586 7.88665 8.80864 9.16701 6.78685 7.46129 15.4061 19.6364 14.3374 8.84162 10.6094 12.2354 10.5195 9.31539 9.7613 11.6629 10.9627 7.40844 8.86189
9.84599 9.22423 9.9193 8.79552 9.49099 10.1791 9.83701 9.48178 8.20491 7.92484 8.60593 10.0367 10.6421 10.0677 10.4331 11.3941 11.9098 13.0204 13.1774 12.392 10.8007 8.50281 8.53675 8.06485 7.56111 7.38508 10.0912 5.93179 8.18906 7.856 10.3497 9.86367 6.82918 5.26389 7.34362 8.55496 7.66022 7.49661 10.1276 9.42331 8.1388 8.22233 7.47475 6.80773 7.54094 11.3096 10.5316 9.07916 6.98835 6.53576 6.09218 6.20583 6.82001 6.52259 8.51741 7.59661 6.72871 10.7092 7.41991 10.1664 22.1295 23.7164 13.3404 5.49375 8.05803 10.6499 8.70306 8.30748 10.225 11.1493 10.6735 10.8138 9.0084
10.5114 10.1791 9.13629 9.04627 9.16277 9.32181 8.8972 8.84254 7.51271 7.47716 8.77898 10.0113 9.93832 10.7922 10.1886 9.63424 9.89733 8.6447 8.69584 10.3859 10.1448 9.56716 8.5441 8.08546 8.27303 6.66337 8.65181 7.50084 11.2313 8.84189 9.57384 10.4317 7.18343 6.51767 7.30422 5.60593 6.71905 7.18616 8.34997 9.30454 6.94555 6.02787 5.4712 5.26442 6.02651 9.29676 9.97388 8.0755 9.0313 9.80631 7.1469 6.16954 6.81069 7.87903 8.24881 8.27802 7.33783 9.60502 11.6562 15.2174 21.4788 22.0066 9.41046 5.88273 7.36667 10.0431 8.38369 7.6077 11.6413 10.6349 9.17992 11.1467 11.0548
11.6525 10.0204 7.85597 10.1628 8.9285 8.65086 7.30373 7.53054 6.19671 5.80267 8.40714 9.75769 7.56773 7.9606 8.02176 7.94972 8.73444 8.31193 9.80033 9.45929 9.8139 11.2995 10.2852 10.4354 9.33912 8.36181 6.73414 5.4577 7.8689 7.38522 6.48015 6.59663 6.19781 7.24649 7.2161 5.8816 7.74321 8.21054 9.2354 9.67294 8.50188 9.18182 6.03625 6.37106 6.89037 8.4141 9.88786 9.70552 11.169 9.87332 8.35191 6.01118 6.24405 8.08622 7.30188 9.0826 9.79709 9.62783 15.0609 21.5622 18.1479 13.6901 7.88981 7.20892 6.08843 6.38329 7.60046 7.74044 8.70868 9.27388 9.0853 9.73122 11.3475
10.765 10.056 9.2434 10.0185 8.09218 10.2227 8.98022 8.4996 6.53056 5.84045 9.03857 10.1682 7.49219 6.90808 8.0512 8.95842 9.42131 8.42988 8.37072 7.59783 8.92052 9.29729 8.64159 8.51203 10.6037 10.9523 6.38384 6.21078 6.38865 6.96767 5.95404 4.39235 5.9377 7.33113 7.76676 7.10066 8.32561 8.63286 9.70475 8.74937 7.36102 7.99065 7.28919 8.11252 6.74965 8.49207 10.5658 11.5681 12.4412 9.20976 9.94403 6.39394 5.50847 7.93998 6.39794 7.40588 10.9031 12.0209 15.4846 24.241 15.5607 8.14512 8.83767 6.7177 5.48884 7.18342 8.23315 9.44923 8.41313 9.45765 9.87464 9.7532 10.1268
8.64718 9.11164 9.34451 9.01823 7.94538 8.40354 8.86829 8.34878 7.06214 7.39404 9.45535 9.7786 7.43825 7.99914 8.68569 9.92741 8.97444 8.96115 7.96347 7.38742 7.58565 7.07652 6.94416 7.38072 11.119 11.0916 9.02497 8.83743 6.00265 6.25353 7.20182 6.20236 8.0488 7.48901 6.88886 6.64372 8.93968 8.94889 8.6368 7.76192 7.72716 6.27183 6.55824 7.53583 9.77977 9.09001 8.37468 10.3 14.4916 11.3196 10.3419 6.50012 7.02357 8.93828 5.97797 8.22419 11.2742 14.3284 16.9333 17.4469 10.2783 7.43791 9.08704 6.67177 6.80282 6.6774 8.51333 12.0213 10.1172 10.3882 10.1869 9.00698 7.87292
7.16442 8.04945 8.99619 9.47273 8.79108 10.1432 10.1259 9.13615 8.68554 9.53758 10.1644 8.74618 9.07027 10.0786 8.86882 9.72816 10.3824 7.13396 7.75165 7.3319 6.88171 6.3902 6.5187 7.11229 9.39059 9.46559 8.21903 7.65725 6.47445 6.00432 6.27163 6.80285 6.11303 6.15279 6.59294 8.29393 9.23106 8.05491 7.39161 6.93235 5.83528 6.08926 5.49099 5.44708 9.72151 9.89287 10.1469 7.75612 10.2618 9.55491 10.7572 8.67494 8.45685 10.7193 7.4192 8.75989 12.8428 15.1178 17.0772 13.538 9.09222 8.21254 10.3 10.4705 10.6709 6.84171 9.21594 11.1305 8.02087 8.38327 8.87514 9.02599 8.86893
7.79816 8.75692 8.9569 10.3321 8.77236 9.60016 10.7967 9.61211 9.17381 10.815 10.2708 9.66604 10.5379 10.3905 9.40831 8.36563 8.56688 7.11155 8.45992 6.96105 6.44153 6.38254 6.56457 5.6439 8.04568 8.99286 6.70119 6.09142 6.41828 7.016 5.60054 7.48829 7.26324 6.64925 8.49316 8.63371 9.56496 7.86284 7.20783 7.60162 6.62611 5.984 5.46571 5.08785 6.94864 8.00416 9.66662 9.18157 9.00236 8.99137 10.4277 9.95554 9.59652 8.02451 6.21313 8.0647 14.6204 16.7883 21.6384 13.0232 8.30696 7.88059 8.9114 11.1439 9.91119 9.07263 10.7005 10.6471 9.28405 8.77256 10.8936 10.9937 9.42518
8.36176 9.43129 7.41697 9.28465 8.33729 9.89464 10.4725 9.61459 9.74412 9.94459 9.4551 9.77959 11.1464 9.63469 9.63806 8.06779 7.07163 4.68093 5.94153 5.20801 6.1027 8.07885 7.93417 4.32929 6.2152 6.81155 5.65518 5.91476 6.61309 8.62464 6.97643 7.25141 9.43556 8.12533 7.6588 7.21793 7.63083 6.82324 7.92495 6.78298 7.45221 6.31912 6.20765 6.87695 5.74375 6.53422 7.57727 8.22436 8.50957 8.23685 10.1934 10.404 11.1796 7.41375 10.2927 16.6434 20.3144 22.571 22.8986 9.15909 7.0601 7.93327 6.40536 9.7006 9.73741 9.69751 9.56994 8.87205 10.7633 10.2911 10.1754 12.0817 8.72414
7.97016 8.56408 8.40357 10.4389 8.30721 8.93525 10.2136 10.7528 9.7948 9.63752 10.1939 10.5659 12.5617 8.58772 8.14091 6.78388 5.97408 5.80937 6.54624 6.43494 7.39904 9.77445 7.13377 5.72107 6.90514 6.60665 6.84095 6.82685 6.47334 7.81772 6.96988 6.92994 9.75924 9.1241 9.76805 10.7577 7.97859 7.38453 6.72337 4.15746 7.20521 7.25803 6.34183 6.58553 6.81442 8.07241 7.927 7.71244 8.18549 5.9115 7.5567 8.66708 11.0587 9.68229 13.7418 20.458 22.4116 25.7565 23.7728 12.2131 6.92397 5.83713 7.30569 10.1776 7.8266 9.09517 8.66146 9.58327 10.9378 11.065 8.8618 9.53413 10.0783
8.94438 9.75264 8.08245 8.83236 7.42305 7.40684 8.73405 8.99527 9.06952 10.6088 10.9169 10.792 10.6036 9.39499 7.81862 5.1344 5.33554 6.9553 6.95186 7.52847 8.00317 8.80422 7.12361 6.63967 7.5372 8.77655 8.86439 7.34582 6.28814 7.83504 7.0384 6.33464 10.881 9.19796 8.17708 10.3871 6.0606 6.00408 7.27359 5.84795 7.94734 8.53908 7.34026 7.60359 7.62985 8.68752 9.36201 7.01222 7.18185 6.83198 7.79064 10.1664 9.07993 9.16745 15.0334 22.6708 22.0131 28.6763 22.3516 12.8589 6.96582 7.18513 8.31701 9.69039 8.34088 10.0198 7.90415 9.02548 10.3431 11.4247 10.9985 7.95007 10.9402
7.08062 8.37458 8.23661 8.48644 7.37662 7.1745 8.90115 9.55985 9.76886 11.8896 9.99103 9.27257 7.99092 8.92928 7.43096 6.01952 4.90994 6.0616 5.53971 6.4264 7.50459 7.63412 5.76743 6.17003 6.9165 8.22078 8.94728 7.61134 7.17615 8.04921 8.21551 8.21609 9.94792 7.98087 7.36035 7.96685 4.68527 6.06627 6.20936 5.46141 6.49825 7.36968 6.81493 7.61844 7.38951 9.3343 9.34419 8.15686 7.37627 7.11404 8.44349 9.21323 9.95964 9.63371 15.8178 26.6389 26.7233 28.4862 22.2134 14.0281 9.17756 4.83323 7.19274 8.1977 6.04596 7.70258 7.41845 9.70301 9.22215 8.73517 9.07983 7.95479 9.45997
7.54873 7.73602 7.81959 7.69333 7.22453 6.85418 9.74477 11.5677 9.08855 10.7895 10.4444 9.81577 9.41926 8.75408 7.04831 7.43881 7.90932 7.2804 4.86934 4.01267 6.30529 6.21087 6.34688 6.62594 7.46923 9.29717 9.80282 8.41584 8.98086 8.45183 7.94391 9.15188 10.1996 6.79437 6.82652 7.96763 4.50429 3.78413 5.54353 7.24163 6.97626 7.80926 8.13196 8.70587 5.67618 6.83667 7.18745 8.52962 7.89914 9.07663 9.26919 6.7938 9.07154 6.41029 9.58261 18.6737 24.5639 26.6884 15.9627 11.0877 8.88595 7.0217 8.78925 9.40367 7.66427 7.86456 7.28132 6.87089 7.58696 8.30859 6.96746 6.90761 9.50216
7.7388 6.73442 6.50903 6.70977 6.5939 7.5242 8.47775 8.45685 8.68268 10.2618 10.4126 9.26238 8.5692 7.56028 7.26791 7.30661 7.36284 7.7303 7.65863 4.94344 4.97918 4.19966 5.03575 5.63999 7.05228 9.45057 8.42758 6.86679 8.46232 8.39498 8.29361 10.4562 10.8826 10.4769 8.21422 8.1001 7.55152 6.3076 7.20435 8.62762 8.36751 8.80345 8.7763 8.83565 7.62754 7.1881 7.89521 7.5262 6.85697 10.1892 7.4728 7.10035 8.7183 6.99768 8.75797 14.2095 25.6006 29.0536 9.72881 8.26416 8.28968 7.4719 8.10917 8.76306 6.78988 7.27499 7.88546 6.27067 7.5856 8.99552 5.56521 6.61689 8.96206
6.12333 5.77514 5.8054 7.23951 6.83498 8.27161 7.30019 7.28575 7.72488 7.91975 8.65308 7.98172 7.99729 8.22817 8.26783 7.75999 7.43058 7.28373 8.24136 7.7106 6.21694 5.64561 7.21486 5.76226 7.04928 8.85174 7.27711 6.62252 6.89643 7.73354 7.19272 8.65846 9.4161 11.0416 8.76801 7.10851 6.90081 6.39977 7.04924 6.69769 8.64579 9.18454 7.94674 8.65004 9.09874 6.99496 8.30715 7.22253 6.72993 8.50005 7.40135 6.32641 6.97485 8.59436 10.3531 17.1483 27.9875 28.2622 13.2435 10.3669 8.16986 6.10879 6.04873 6.66726 6.60435 6.32678 7.22655 5.59067 7.05013 8.02474 6.8891 8.0697 9.57507
4.70255 5.64708 7.13699 6.98528 5.27397 6.28174 6.71459 5.93591 6.87451 8.01424 8.36131 8.92108 9.02105 9.48002 8.35853 7.5147 7.52803 6.93206 6.69143 6.58087 6.29705 6.48944 7.50788 7.13407 8.55157 10.0264 7.8016 7.62847 8.51776 8.24889 7.62109 8.55413 9.02173 8.15607 7.56905 6.0413 4.44213 4.77875 5.7705 7.255 8.12226 8.87673 7.12885 7.01521 7.28137 4.39894 9.11736 7.84723 7.54503 8.17416 7.87476 6.50021 4.94245 7.38698 9.75001 17.8223 28.0996 24.0374 9.74707 7.72042 7.29403 4.7419 5.56126 6.43648 7.22543 5.01919 3.54856 3.26626 7.19585 7.3541 7.62487 10.3718 11.7634
5.37073 5.80713 8.45675 6.29278 5.16407 5.0732 5.80667 5.99827 6.3151 6.94523 7.98001 9.71091 8.55686 9.14016 8.13906 8.75276 7.43378 6.99791 7.17547 6.15902 6.05116 6.20067 6.88007 6.81945 7.57687 8.04346 6.17963 6.75873 7.85325 8.15571 7.59725 8.64453 9.59583 6.73992 7.41335 6.36549 4.43707 4.65908 4.87757 6.53262 7.68406 9.9012 7.98541 7.65191 9.35069 6.77128 8.22702 7.19757 8.46652 7.79592 8.69494 6.93948 6.31896 8.47162 9.76342 19.8143 28.9715 18.3382 9.03655 7.65355 8.79619 6.52717 6.77943 7.15342 8.00663 7.51994 4.04088 4.86188 6.50818 5.90769 6.06821 5.77987 6.59943
6.54587 3.90018 5.73285 5.73897 5.94493 6.3189 6.33292 6.51693 6.25513 6.65548 7.09615 9.05183 8.35188 9.73271 8.49239 7.6561 6.33298 6.98049 7.76065 5.75061 6.17523 6.85715 6.98659 6.76192 6.46861 6.90866 6.91291 7.64875 7.4343 7.49538 8.07243 8.37663 9.05136 7.67448 9.09665 6.96731 5.90289 6.81683 7.73251 9.87762 7.37736 9.56192 9.57854 7.27072 9.28062 8.71887 9.16735 8.13578 10.2982 6.85841 9.95702 9.49959 7.5141 8.63669 12.576 22.0036 29.2516 17.0485 8.89952 8.77853 7.23342 5.74261 5.31394 7.09825 8.37027 9.42724 8.13293 8.40075 7.17233 6.79419 7.20554 6.3998 6.65503
5.04169 4.57737 4.55636 4.21904 5.63706 6.88636 4.62709 4.93775 5.61245 7.18044 8.42035 10.117 8.67785 9.32155 7.84998 8.08445 7.17226 7.08299 7.24703 6.59482 6.82925 7.23989 7.03168 7.5166 6.53403 5.95705 5.09445 7.77348 7.18997 6.49963 7.58581 9.01761 8.91615 8.95156 9.55334 7.39193 7.05449 7.08701 7.99081 9.78252 9.02448 10.0516 11.0236 8.2732 7.72124 8.24837 8.85887 10.3076 9.69927 7.88751 9.07431 9.48246 7.15117 10.089 18.4992 28.4424 30.2268 13.7225 10.2445 10.7804 7.04629 6.0692 4.47132 7.50515 8.56911 8.69826 9.71251 9.26383 6.1247 7.10363 8.66761 9.11866 6.98495
4.84555 6.00922 5.09169 5.49923 5.63901 6.61377 4.05431 4.22215 5.28585 5.50426 7.62828 8.59393 7.69391 9.30591 7.25525 7.61107 7.28015 6.38188 6.55921 7.02141 7.14945 6.70148 6.04261 7.53965 7.19075 6.90104 6.46026 6.7541 6.89443 6.61444 7.91527 10.5421 9.0774 8.25792 10.3171 8.62336 8.56431 6.62986 6.83916 7.75944 8.59667 8.43652 9.94503 8.13926 8.48198 6.87746 7.06996 10.1007 9.38026 8.22331 9.00184 9.43107 6.50398 14.1447 24.0048 30.607 21.5827 13.4009 11.7053 11.0894 9.38967 9.23965 6.30598 7.60637 8.92282 9.76568 10.217 10.6677 6.70687 6.37019 8.74637 8.67118 6.69141
3.23711 4.03762 4.01895 5.28055 6.16165 5.25179 5.15593 5.43259 6.12803 4.29195 5.79843 7.27386 6.6943 7.21676 7.28231 6.63783 6.92536 6.15535 6.13546 7.15677 6.8989 6.03668 5.60684 6.65907 7.04587 6.99508 7.95833 7.05974 7.27034 8.70443 9.73302 10.4879 10.123 8.72756 8.48231 7.3128 5.86319 6.32445 6.57269 8.15335 7.88419 7.91308 7.56743 7.30777 8.88385 7.52673 7.7786 8.84027 8.70005 8.33848 8.72958 12.3958 8.94533 13.3108 24.5035 23.0202 14.2433 11.1249 9.61812 8.97152 9.07854 9.19853 8.20975 7.57129 6.75874 8.14365 8.47575 8.52044 7.61781 5.0178 8.44454 6.76484 4.08912
4.21901 3.691 3.77029 4.97729 7.55225 5.82237 4.77059 5.59691 6.24053 5.30179 5.33791 6.7666 5.70135 5.27373 6.86076 6.74984 7.69065 7.17299 6.73491 7.77395 6.20443 5.57901 5.10031 5.45557 5.76507 5.56489 7.21048 7.78558 7.17842 8.37894 9.13749 8.85234 8.76459 7.71648 6.94316 7.32455 6.12032 7.74998 7.51301 6.95101 6.31455 6.87877 6.49402 6.24493 9.65324 8.80517 9.45574 9.51874 8.9241 9.12566 9.06463 10.7567 10.0667 17.5318 22.7501 17.3807 12.9964 10.0971 9.26312 7.45836 8.22159 9.12345 10.7685 8.21957 5.23917 10.5199 11.3444 11.7491 6.94641 5.53792 6.5394 6.85328 5.33456
5.1101 4.17834 4.16885 5.00298 5.96079 5.60273 3.92408 4.8847 6.58104 5.46764 6.70104 8.04249 5.7025 5.71602 6.78892 6.19193 7.09988 7.11964 6.2313 7.33502 6.95814 6.56918 7.13394 6.33678 6.37278 6.95274 8.25765 9.97743 9.36392 8.74144 8.73129 8.02917 9.41075 8.01532 7.29833 9.02826 5.77594 7.64311 7.8005 6.30347 6.7809 8.33355 7.51906 7.75331 8.49673 8.37494 10.3593 10.6886 8.97985 9.5227 11.6206 12.3527 15.5299 26.403 26.3494 17.2582 13.0977 9.32591 8.61296 8.56773 8.63608 9.30926 11.447 9.90695 6.54727 10.4131 10.5575 9.1288 8.44771 7.76327 7.67742 6.24904 4.91684
3.76433 3.43204 3.44999 3.72639 3.61751 4.24704 4.11542 4.0669 6.10362 6.3241 6.97139 5.68574 5.1288 6.00043 6.67904 7.79083 10.0207 8.92599 7.57581 7.39109 5.75318 6.6134 6.92606 6.47249 6.69892 6.15372 7.33426 9.22362 10.4972 8.135 6.96067 5.86044 9.16885 8.90255 8.20176 8.78044 7.77778 8.86122 7.48583 6.68757 6.68694 6.80855 7.36487 6.68595 9.07567 10.2259 11.7652 10.7969 9.53476 9.12809 11.7549 10.4338 14.6847 26.438 23.7172 12.7719 9.03098 10.0377 10.6681 9.78132 8.72338 7.15293 10.6754 10.0432 7.64027 8.80905 8.46779 9.12753 10.8482 10.0512 8.05881 3.97091 3.88783
2.98768 2.74846 2.6937 3.23953 3.09168 2.94331 5.11094 4.65936 4.6613 5.80253 6.11255 5.40071 4.77275 5.58757 6.97421 7.73893 9.58242 9.73476 7.88724 6.6042 7.15295 7.53346 6.67968 6.99214 7.91778 6.38455 7.46347 7.77245 9.62299 8.36461 7.43898 6.97021 9.24622 10.1221 9.80875 9.45047 8.96023 9.25602 7.40758 7.36907 7.47822 8.00977 9.2504 8.00067 7.16256 9.96737 10.5969 11.3952 10.8231 10.3006 9.07974 8.81432 20.4209 27.9042 22.8295 12.6 8.23348 10.6579 8.16697 7.92431 9.53751 8.98673 9.70475 9.47548 6.72789 7.66289 6.36753 8.31992 9.7045 9.73924 6.3742 4.89714 5.70304
3.89661 3.78178 2.29384 3.64962 3.8127 5.66053 5.75383 5.05082 4.27534 5.07165 5.35513 5.15907 6.09754 5.15538 5.90224 6.62151 6.48249 8.17827 7.713 8.63815 8.07748 6.81845 6.76027 8.5848 7.98632 6.99729 9.34322 8.82769 8.10325 8.90298 9.24861 9.61014 11.1344 12.0206 11.6658 10.8308 11.0789 11.3635 9.77983 7.45406 6.45087 5.72622 8.47393 8.47953 6.77528 9.08057 10.0123 10.6661 11.0084 10.4106 10.5661 12.4737 24.3463 25.7126 17.901 9.8301 6.26546 7.62595 7.19328 5.14273 7.48015 7.59746 7.69117 7.56678 6.65465 9.86467 8.66458 10.0484 7.97969 6.97608 4.39117 4.51192 4.3057
4.53421 4.71668 4.27669 6.18466 6.00877 4.79524 4.66905 3.79809 5.05236 5.22067 5.25962 5.99368 8.55247 5.05532 6.4483 7.36202 6.44465 5.85372 5.80943 8.57467 8.01892 5.98129 7.00634 8.17831 8.02286 8.02097 9.44497 10.2213 9.55308 8.89691 10.4957 10.9673 12.1728 13.403 12.6513 12.0598 12.0102 10.8899 8.63029 6.61091 7.9019 7.68676 9.25972 7.35467 8.27999 8.94513 7.30943 5.61873 9.87703 10.2416 10.4248 10.0247 19.5446 24.2014 14.1051 9.85491 7.99475 7.00397 6.6059 6.32633 8.78908 9.3496 8.10332 7.69917 8.20099 9.72749 8.13285 8.82497 7.44694 6.82178 5.65426 4.93576 4.16838
5.10728 4.51484 4.23171 5.91133 6.40992 3.47503 4.12467 5.33887 5.51685 5.07118 3.47598 4.11113 6.71253 6.73646 6.37085 7.42676 7.35624 5.40551 6.04918 5.57545 10.2143 9.04991 8.93818 12.5684 10.5182 9.06855 8.85601 9.7254 9.23718 7.28347 10.2818 11.5016 11.9175 13.0894 13.0548 12.0548 11.2596 8.42828 6.89986 5.95882 5.7453 7.72925 9.50249 8.31307 8.63095 7.91152 7.47537 6.70057 8.77862 9.17263 12.9733 14.9605 26.3651 31.9336 18.2747 11.9765 11.3012 9.4823 10.0089 8.27382 10.2174 9.52165 8.24638 7.81557 9.48451 11.4661 9.95116 8.66446 7.95808 8.94709 10.8643 7.42953 6.1002
3.47177 4.31171 4.89694 5.00246 4.61964 3.59799 3.71911 3.93033 5.36359 5.78294 3.57456 4.38447 5.64071 6.28148 7.22736 7.52847 6.63836 7.83769 9.67248 6.5083 8.1973 9.09077 7.38124 10.3852 9.74605 8.17093 8.35565 9.16545 7.82933 8.73664 10.9821 10.6314 11.0603 10.5466 10.8117 11.1695 11.4758 8.95929 7.25489 7.46496 6.87688 8.6746 9.80034 6.26655 5.07714 5.45816 7.6107 8.39471 7.7463 7.54553 9.27432 12.778 25.2009 24.674 12.8133 8.81054 8.86654 9.20652 10.5407 10.2572 12.8111 11.8457 10.0047 8.54525 10.6289 12.9472 12.3659 11.2804 11.1812 10.55 12.4317 8.13047 6.57782
4.70654 5.46559 6.17713 5.103 5.11479 4.61154 5.01898 4.88709 5.71714 5.50491 4.45421 5.61926 6.66823 8.67181 8.96766 8.22322 7.82995 8.48319 8.06499 5.6807 5.142 6.69963 7.29344 9.7265 9.683 8.53532 8.27236 9.63313 10.7804 10.3705 9.45603 11.0987 11.9037 10.4493 8.31424 9.30709 9.3719 8.65188 7.01573 8.10989 8.18015 9.16025 9.47891 8.59726 3.58248 5.23708 4.89664 9.41876 7.83444 7.87879 8.31237 15.5704 25.2854 20.5222 10.7771 7.66941 7.06817 7.52274 7.91937 7.78401 9.70985 8.50076 9.43702 6.8014 8.81544 13.7558 14.0436 15.7735 16.7003 14.0312 11.1347 6.49458 6.65317
