pygmi/test/u.asc
ncols 			232
nrows 			481
xllcorner 			-20187.5000000001
yllcorner 			-2823315.0
cellsize 			125.0
nodata_value 		1e+20
[rows 96 to 127 of 481, columns 73 to 145 of 232]
0.979891 0.843221 1.18094 1.21574 1.0749 1.16196 1.07828 1.2087 1.53666 1.28143 1.44367 4.18367 1.95107 2.51592 2.18757 1.33886 0.797125 1.51253 1.48891 1.39517 1.42848 1.93548 1.28691 1.62668 1.82412 1.95735 1.69099 1.5795 1.45446 1.51981 2.286 0.954418 1.30156 1.64438 1.85719 1.7289 1.74578 2.0018 1.58235 1.40941 1.75922 1.98657 2.15913 1.95319 2.00171 2.00862 3.54149 2.52247 2.38664 2.5532 3.67198 4.11954 6.34382 5.30007 3.22655 2.01528 1.53962 1.57115 2.66014 2.22897 1.44306 1.93189 2.17732 2.37665 2.26094 2.82756 3.54041 2.50638 3.90428 4.00347 3.16561 1.79545 1.64345
1.2198 1.23495 1.54498 1.19343 1.08451 1.36996 1.32839 1.41726 1.76155 1.49098 2.28317 7.25999 3.07474 2.49576 2.17223 1.02672 1.00055 1.83393 1.7079 1.28026 1.32022 1.56204 1.56621 1.77007 1.7089 1.81346 1.83642 1.68795 1.88297 1.714 1.89934 1.50849 1.74266 2.18399 1.9964 1.427 1.75919 1.76809 1.66241 1.67086 1.69326 2.00881 1.96766 1.74897 1.22359 1.70828 2.34801 2.28685 1.80156 1.90727 3.27353 3.52688 5.60466 4.96903 3.19983 2.91116 2.36821 1.98571 1.82081 1.60945 1.96567 2.0163 1.69761 2.63818 2.47972 2.64065 2.7168 3.20931 3.73218 2.57686 1.72433 0.559223 1.03654
1.57602 1.26277 1.41468 1.31811 1.20478 1.26357 1.15803 1.14405 1.33826 1.49578 2.00234 3.54896 2.25736 3.10471 2.27362 1.53272 1.28717 1.52449 1.70573 1.19686 1.42124 1.3945 1.77484 1.67709 1.76919 1.67712 1.36944 1.31894 2.61453 1.98445 1.38031 1.41537 1.8161 2.56112 2.30211 1.72583 1.6804 1.57472 1.66563 1.62558 1.40827 1.65201 1.62601 1.72352 1.50483 1.9364 1.81043 2.0466 1.6465 1.75016 2.81201 3.67496 5.94712 5.39825 3.48287 4.33734 3.56779 2.85216 1.71862 2.21335 2.78205 1.95427 2.34396 3.38362 2.95953 3.5355 4.14647 3.96184 2.38498 3.03206 2.56346 0.276007 0.894505
1.40043 1.15983 1.21329 1.03124 1.2876 1.28743 1.22628 1.16335 1.12293 1.74336 2.58724 0.877071 1.15258 1.88688 1.47567 1.51701 1.63 1.21468 1.56952 1.73164 1.99509 1.65431 1.64583 1.32417 1.8383 1.91627 1.54907 2.28893 2.70008 2.03468 1.55846 1.44279 1.32804 1.81168 1.87048 1.82434 2.00184 2.05131 2.13955 1.59891 1.66926 1.73683 1.71113 1.75456 1.59914 2.01402 2.73883 2.72003 2.44329 1.60332 2.05993 2.62193 5.11985 5.73832 3.30821 3.97772 3.91545 2.95827 2.59877 2.87748 2.63646 1.6033 0.958713 2.85179 2.99003 3.63716 3.56822 3.3923 2.51911 2.12785 1.36656 -0.143777 1.0093
1.42869 1.00293 1.3097 1.48305 1.68996 1.43758 1.62972 1.43559 1.13265 1.2134 1.5851 1.19282 2.07497 1.70556 1.0239 0.914909 2.23825 2.00965 2.43023 2.22165 1.98605 1.78937 1.79026 1.28872 1.38297 1.78162 2.03819 3.07612 2.79474 2.02084 2.14596 1.83538 1.20972 0.85351 1.41974 2.12829 2.64168 2.36058 2.09387 2.00799 2.19604 1.76871 1.60959 1.8455 1.64511 1.86633 3.42267 2.18677 1.62837 1.04475 2.75679 3.77315 5.16979 5.51101 3.68003 3.82504 3.4475 2.60229 2.76046 2.48945 2.65913 2.05204 1.51822 1.56011 1.9379 2.87387 2.7574 2.33874 1.17705 1.71424 0.822698 -0.444985 0.203664
1.01985 0.865856 0.980139 1.20222 1.24203 1.02353 1.59502 1.36182 1.01594 0.948209 1.10017 1.18272 2.11001 1.5493 0.791421 0.763348 1.4398 1.06552 1.57884 2.22096 1.58974 1.62457 1.58858 1.50249 1.19259 1.52107 1.72096 1.46214 2.16992 2.27409 2.48521 1.93391 1.30674 0.598875 1.39383 2.18068 2.20387 2.18291 2.60138 2.54376 2.39559 1.78273 1.51961 1.68683 1.67689 1.94843 2.67881 2.21172 1.94748 1.44681 2.54949 4.2799 6.14982 6.23069 4.20519 3.64766 4.07981 2.53856 1.6355 1.21253 2.246 2.35288 2.3814 2.49551 2.25488 2.34386 1.66853 1.82471 1.47396 2.67687 1.09189 0.127342 -0.192296
1.02684 1.10642 1.21304 1.88004 1.42775 1.22796 1.08134 1.08112 0.945254 0.889846 1.02427 1.15709 1.47967 1.23986 0.867575 0.948932 1.44347 1.06831 1.07427 2.56716 1.19212 1.66349 1.34686 1.38452 1.12769 1.47904 1.83412 1.61189 2.21302 1.9549 1.86733 1.69121 1.68865 1.13518 1.67286 2.02425 1.36217 1.42772 2.11782 2.24228 2.72596 3.13146 2.22612 1.91543 1.8895 1.84763 2.04092 1.88996 1.87619 1.55435 2.6902 4.36846 6.43944 5.41283 2.64684 2.00005 3.14987 2.51499 1.15529 1.2494 2.04049 2.33671 2.62658 2.79651 2.14439 1.56745 1.52349 2.15667 1.69406 2.22783 1.26389 0.461021 0.219519
1.16432 1.66278 1.36339 2.37342 1.95546 1.7939 1.56118 1.12459 0.905405 0.947465 1.12851 1.04858 1.03663 1.07683 1.26965 1.08809 1.3656 1.20858 1.00905 1.61114 1.03491 1.12354 1.34309 1.18057 1.17533 1.34305 1.53639 1.47537 2.14752 2.29628 1.81063 1.82865 1.50554 1.05721 1.34588 1.32882 1.40316 1.80134 2.00228 1.45844 1.93152 2.79955 2.08086 1.83926 1.93298 1.71665 1.82739 1.86549 2.26989 1.90321 2.49586 3.24518 4.5663 3.41423 1.84722 1.33163 1.78769 2.48809 1.91009 2.2317 2.29597 2.03981 2.1723 2.82515 1.86634 1.16913 1.37377 2.00352 1.6123 2.06871 1.32286 0.648729 -0.165368
1.39372 2.50409 1.29521 1.27985 1.43879 1.47632 1.31981 1.0131 1.25948 1.29767 1.47435 1.28612 1.29849 0.962057 1.17476 1.18976 1.4352 1.29943 1.28909 1.30003 1.04176 1.09713 1.72257 1.1853 1.03329 1.13126 1.34135 1.56377 2.18437 2.2454 2.10006 2.30188 1.78204 1.62758 1.45423 1.06854 1.49322 2.07873 1.47955 1.60139 1.27804 2.41248 2.37013 2.30729 2.07685 1.86412 2.04928 2.07515 2.07328 1.69734 2.37419 3.93531 4.49829 3.72889 2.11298 1.53829 1.8922 2.03767 1.92738 2.73052 2.02864 1.54677 1.86266 2.1305 1.43591 1.67365 2.15754 2.49518 1.66786 1.81239 1.32978 1.28674 0.675006
1.1189 1.81446 1.21061 0.877455 1.15356 1.27831 1.13112 0.856406 0.966829 1.19451 1.30471 1.10355 1.17416 1.25868 1.25765 1.11305 1.3617 1.48903 1.70097 1.50742 1.26779 0.859661 1.5033 1.39224 0.951981 0.990387 1.23296 1.45449 2.01155 2.12571 1.90729 1.94783 1.67375 2.04397 1.4574 1.36734 1.36851 1.29428 1.30118 2.7091 1.81413 1.90314 2.17017 1.81427 2.02216 1.81427 2.40988 1.95835 1.88916 1.47036 1.82867 3.29133 4.22493 3.21434 1.83126 1.34354 1.74643 1.49728 1.20249 1.14258 1.9045 1.44178 1.75212 1.84447 1.37814 1.58352 2.20895 1.62199 1.65262 2.02488 1.72601 1.59642 1.88608
1.26352 1.83148 1.99234 1.34942 1.47078 1.43634 1.15841 0.800955 1.15473 1.26375 1.29091 1.07567 1.38987 1.58429 1.21143 1.07981 1.33023 1.50771 1.61564 1.5317 1.47053 1.24998 1.6265 1.3387 0.942077 0.999252 1.50133 1.43839 1.87902 1.9485 1.98106 1.92369 1.59281 1.8226 1.5996 1.84572 1.33651 0.824297 1.5358 1.99001 1.54184 2.1208 2.08817 2.29955 1.93704 1.39532 1.3304 1.49602 1.51016 1.70461 2.73544 4.00858 4.41216 1.94855 1.41192 1.49916 2.15277 1.72337 1.50795 1.60209 1.70601 1.36969 1.3276 1.36406 1.11925 1.34282 1.47507 1.04551 1.3242 1.67413 1.52456 1.93266 1.74928
1.33834 1.50735 1.7552 1.2736 1.7718 2.18565 1.22503 0.839023 0.892692 1.24644 1.47696 1.25796 1.51903 1.28408 1.03451 0.913384 1.11487 1.06061 1.36306 1.57459 1.37126 1.26262 1.54323 1.59057 1.11566 1.4857 1.55322 0.983085 1.43026 1.5604 1.92953 1.82421 1.74568 1.78971 1.65631 1.93139 1.50158 1.11809 0.911385 1.25184 1.56598 1.27701 1.2256 1.76707 1.51241 1.4346 2.11221 2.28366 1.68459 2.2114 3.56661 4.32329 3.68223 1.98941 1.59026 1.48323 1.71661 1.54288 1.69933 1.67306 1.69446 1.65724 2.10668 1.6835 1.50248 1.28812 1.42733 1.64392 1.65676 1.76118 1.48621 1.84678 1.86875
1.10625 1.31964 1.61043 1.23619 1.20702 1.52578 1.27288 1.06389 1.14901 1.33864 1.76788 1.34881 1.52106 1.51989 0.950572 1.20995 1.29792 0.791712 1.20894 1.4663 1.34609 1.37157 1.34123 1.32839 1.38753 1.70417 1.38579 0.90376 0.861526 1.30448 1.47056 1.46078 1.83763 1.6393 1.79693 1.88624 1.64245 1.39974 0.673105 1.05635 1.35414 1.73407 1.67058 2.03519 1.80198 1.96842 2.50361 2.47549 2.00448 2.56169 4.17739 3.49445 2.19492 1.51648 1.42639 1.47565 1.3674 1.19565 1.1392 1.49646 1.99115 1.77095 2.17159 2.21029 2.06964 2.37257 1.83876 1.83005 1.68142 1.46955 1.38717 1.83805 2.04803
0.905927 1.63098 1.50533 1.18231 1.00278 1.01903 1.18439 0.87834 1.23688 1.02773 1.38822 1.47564 1.39565 1.14785 0.933354 1.59508 1.47495 1.06267 1.31537 1.13356 1.23087 1.52936 1.36347 1.26558 1.43525 1.54483 1.43491 1.12364 1.01038 1.17292 1.16731 1.26017 1.25995 1.05902 1.50663 1.3817 1.4312 1.26085 0.895216 1.31523 1.19321 1.23738 1.48977 1.7378 1.75163 2.0586 2.35859 1.97854 1.95045 2.61575 3.36975 2.45321 1.94264 1.76112 1.60904 1.74657 1.49935 1.26516 1.31206 1.68821 2.59063 1.88614 1.87793 2.51549 2.52603 2.34399 1.58925 1.85129 1.76578 1.30986 1.37407 1.81168 2.56166
0.95226 1.1688 1.16561 1.23071 1.37526 1.022 0.961098 0.891706 1.77007 1.22161 1.00226 1.49646 1.58471 1.2772 0.963915 1.39368 1.56425 1.11274 1.38114 1.37846 1.12679 1.31736 1.23246 1.22988 1.28307 1.35954 1.62577 1.52824 1.49804 1.37727 1.28792 1.05107 1.12294 1.52691 1.7857 1.62768 1.61763 1.42704 0.887693 1.32327 1.29402 1.22125 1.39661 1.32875 1.2875 1.57484 2.1958 2.48814 3.24393 4.24988 3.73907 2.19057 2.21655 2.23322 1.70979 1.8599 1.66598 1.39646 1.15537 1.19706 1.98748 2.33546 1.33554 1.71693 1.82213 2.19695 1.58519 1.80816 2.02653 1.66897 2.10498 1.59896 2.23404
1.40572 1.71033 1.34013 1.20192 1.30965 1.4295 1.16624 1.28484 1.48597 1.19515 1.28687 1.58796 1.79942 1.58944 1.28167 1.23881 1.3247 1.37346 1.50698 1.21346 1.31902 1.42586 1.38522 1.3626 1.36222 1.66793 1.7019 1.56703 1.40233 1.40818 1.57654 1.28686 1.40906 1.60746 1.70051 1.52158 1.15902 1.14164 1.0367 1.11976 1.46024 1.32531 1.5811 1.09389 0.74672 1.17825 2.77682 3.26448 4.04242 4.32683 4.19401 2.71374 2.05635 1.87156 1.2747 1.81976 2.04576 2.46951 1.73052 1.35936 1.84703 2.81053 2.36938 2.97018 2.12654 2.57315 2.00689 1.62803 1.44603 1.43876 2.06239 1.82154 1.40779
1.19836 1.3739 1.16815 1.08606 0.9641 1.26278 1.12218 1.22241 1.10024 0.932392 1.19833 1.28722 1.26163 1.14438 1.42945 1.5031 1.53792 1.59037 1.49424 1.61877 1.69483 1.63068 1.55595 1.48939 1.36795 1.34995 1.38102 1.18974 1.34615 1.18217 1.31321 1.13121 1.57368 1.63662 1.82597 1.67334 1.20012 1.10512 1.38248 1.39613 1.21313 1.14057 2.04889 1.59591 0.653687 1.19052 2.7705 3.52416 4.56629 4.09746 4.85456 3.16662 2.1429 2.21016 1.84666 1.54176 1.86972 2.78287 2.579 1.73291 2.21829 2.30854 1.8974 2.37747 2.56597 3.71721 3.59514 1.90622 1.14147 1.54253 2.06055 2.30179 1.13296
1.40971 1.52362 1.34206 1.38451 1.07889 1.13629 1.337 1.13715 1.02232 0.817331 0.878104 1.04365 1.0311 1.37048 1.5481 1.70882 1.58651 1.31469 1.13829 1.62549 1.44065 0.983835 1.00103 1.25062 1.29648 0.858725 0.841396 0.581193 1.30138 1.23927 1.09363 1.2011 1.29584 1.20151 1.83954 1.80477 1.62672 1.32293 1.42435 1.63347 1.13747 1.25768 1.76865 1.8605 1.18626 1.4823 3.57186 4.54423 4.66268 3.75018 4.45064 3.06922 2.11658 2.89017 3.04511 1.34184 1.93792 1.60767 2.86874 2.00579 1.93286 1.89296 1.7273 1.73665 2.31419 2.99479 2.64639 1.50952 1.35049 2.25109 1.7762 1.65876 0.759021
1.59336 1.43253 1.23838 1.4349 1.14672 0.961638 1.43552 1.50188 1.27928 0.948052 1.1163 1.32599 1.40711 1.31591 1.34937 1.42862 1.45335 1.12202 1.0917 1.13316 1.24884 1.19188 1.26891 1.33359 1.4157 1.47797 1.19578 0.674044 1.04849 1.21286 0.981654 1.11664 1.24847 1.25289 1.26524 1.60308 1.85769 2.19955 1.4233 1.33407 1.0911 1.65644 2.81212 2.22952 1.93686 2.49376 4.32512 5.73193 5.52984 5.59929 5.71228 3.83758 3.471 3.63658 3.45664 2.56015 3.57161 1.68568 1.31226 1.65892 2.96846 2.73346 2.11982 1.61134 2.04816 3.02059 4.35879 2.92435 1.503 1.9982 1.75979 1.57429 0.790891
1.24546 1.11951 1.15951 1.56827 1.14574 1.08794 0.937359 1.21908 1.20349 1.10066 1.50529 1.48611 1.48493 1.46374 1.23822 1.02231 1.50801 1.39344 1.72023 1.18669 1.24979 1.72315 1.75686 1.55542 1.41646 1.70261 1.50613 1.40841 1.06445 0.909882 1.01079 1.19239 1.35619 1.2187 1.21902 1.44789 1.90241 2.78865 1.8456 1.035 0.740386 1.33233 1.96279 1.76325 2.44148 3.68488 4.92365 6.35134 6.64415 6.64832 5.70259 4.21207 3.04647 2.5726 2.4372 1.92892 3.32036 3.24982 2.22891 2.30448 2.46453 2.93457 2.24647 1.63243 1.88112 2.65061 3.51799 3.13362 1.70349 1.29398 1.39713 1.33612 1.20098
1.09664 1.03951 0.987215 1.68759 1.4352 1.6577 1.17873 1.18777 1.18264 1.12482 1.2041 1.36894 1.61205 1.68098 1.45548 1.36286 1.32983 1.31438 2.49492 1.91929 1.25642 1.74343 1.70671 1.58817 1.40783 1.31384 1.22686 1.32275 1.27804 1.21935 1.64644 1.58417 1.5574 0.933707 1.31784 1.29317 1.48276 1.9058 1.49618 0.818716 0.695423 1.23175 1.67898 2.21513 3.01294 4.09955 5.31832 5.88491 4.65239 4.54727 4.26498 3.79853 2.87334 1.88374 2.9302 2.42758 3.1695 2.94095 2.79928 3.18611 2.55668 2.59499 2.17248 2.00712 2.11336 2.51668 3.2227 3.98558 2.55766 0.918757 1.4132 1.34926 1.36165
1.28662 1.25072 1.03219 1.25248 1.33043 1.45778 1.11049 1.16462 1.22977 1.33765 1.44455 1.42062 1.51051 1.76529 1.52417 1.46241 1.26334 1.18272 1.1995 1.32561 1.30563 1.53661 1.37837 1.37256 1.18084 1.08236 1.19641 1.22147 1.45682 1.46381 1.42247 1.44643 1.45366 1.07139 1.92355 1.49707 1.32134 1.31042 1.13742 1.35147 1.00164 1.21084 1.2757 2.68236 3.59325 4.5486 5.08018 4.1677 3.33301 2.77688 3.27824 3.66366 3.53375 2.47605 2.55883 2.04112 2.94906 2.77568 2.56515 2.74079 2.01167 2.21134 1.83197 1.95712 2.3218 2.32364 3.12476 5.39461 3.89599 2.72211 2.60576 1.1329 1.00832
0.907344 0.955251 0.928403 1.29575 1.41027 1.44388 1.00577 1.07576 1.12363 1.30442 1.48609 1.33124 1.46608 1.36066 1.20913 1.35281 1.43157 1.5357 1.21315 1.50083 1.56988 1.81156 1.67583 1.47398 1.08037 0.764744 0.953014 1.10101 1.27529 1.40557 1.51958 1.30695 1.13036 1.1129 1.625 1.35612 1.77408 1.88733 1.64007 2.01327 1.9457 1.89054 1.43713 2.63079 4.18277 4.84224 4.55739 2.64316 2.62595 2.79788 4.34272 3.34061 3.74568 2.92667 2.15862 2.09118 2.44995 2.11224 2.34609 2.66834 1.93279 2.28157 2.20644 2.35472 2.71037 2.58007 3.32987 4.15603 3.53154 3.43028 3.00268 1.349 0.898322
1.21212 1.05597 1.0245 1.50885 1.51403 1.5717 1.3805 1.28656 1.11825 0.992012 1.49809 1.24791 1.24801 0.987165 1.12115 1.16122 1.43627 1.5756 1.31813 1.80702 1.44699 1.44914 1.6941 1.5109 1.20713 0.658639 1.29049 1.37216 1.09795 1.06401 1.28216 1.21768 1.35143 1.29385 1.60728 1.14498 1.19207 2.04448 1.35938 1.64105 2.24802 2.03319 1.82525 2.68601 4.88611 5.20198 4.63572 1.9928 1.70189 1.60495 3.04878 3.46749 4.42494 3.07239 2.07725 2.1206 2.03133 1.81201 1.99115 2.16903 2.58966 2.70294 1.94781 2.5443 3.22926 2.88342 3.85148 3.25774 3.8713 3.12662 3.09583 1.28109 0.864688
1.37467 1.17777 1.02573 1.64536 1.49659 1.76367 1.67973 1.4165 1.24765 1.11722 1.2067 1.26542 1.06183 1.10155 1.28754 1.11032 1.43981 1.48952 1.31803 1.55078 1.45788 1.57162 1.33716 1.12793 1.25562 0.966779 1.32534 1.34439 1.07943 1.24504 1.35323 1.30162 1.51448 1.51525 1.35353 1.33077 1.24477 1.09077 0.929161 1.52897 2.16763 2.63978 2.55602 3.4192 4.70513 5.07494 3.23971 1.31185 1.62769 1.40543 1.89505 2.75904 3.79099 3.24603 1.89651 1.57847 1.47097 1.78247 1.73816 1.87124 1.97614 2.46167 1.97915 2.29183 2.351 1.73664 2.83652 2.60163 2.44976 1.07334 1.55645 0.933049 0.759022
1.33937 1.40247 1.43581 1.42223 1.07896 1.88576 1.6939 1.35252 1.15325 1.18863 0.990482 1.54737 1.32592 1.19944 0.787578 1.09865 1.52175 1.31998 1.46366 1.46597 1.40484 1.16156 0.968242 1.2202 1.20419 1.13257 1.90814 1.34491 0.846198 1.2553 1.09373 1.07162 1.35265 1.59788 1.20979 1.53137 1.43745 1.14084 1.51472 1.63453 1.64757 1.93405 3.02974 4.02471 4.54806 4.33438 1.81082 1.24317 1.182 1.16505 1.42754 2.50459 3.50451 3.45359 2.19276 1.59097 1.71196 1.65882 1.3778 1.60478 1.95237 2.52953 1.39276 1.74293 2.07456 1.93286 2.17675 2.15436 1.99883 1.02304 1.30018 0.916745 1.05171
1.3547 1.45571 2.1305 1.6381 1.22071 1.35599 1.43622 1.43418 1.62002 1.44196 1.07031 1.33317 1.34917 1.43318 0.978805 1.2956 1.3191 1.37242 1.74374 1.57213 1.46425 1.00879 1.07073 1.17749 1.15631 1.10902 1.31866 0.949106 0.651389 0.64416 0.551776 0.779427 1.19326 1.84728 1.22983 1.19163 1.58139 1.50284 1.57347 1.30038 1.30594 1.9449 3.70519 4.07076 3.48001 4.40304 1.88879 1.19585 0.834549 0.674513 0.854334 2.28045 3.36092 3.19014 2.3127 2.02087 1.70485 1.613 1.49408 1.59677 1.64458 1.96127 1.88465 1.63329 1.72729 1.70103 1.86584 2.47997 2.24399 0.948751 1.0512 0.712858 1.40838
1.19061 0.871445 1.8908 1.63427 1.50155 1.89749 1.56005 1.52516 2.08058 1.44475 0.91286 1.259 1.20284 1.00322 0.952505 1.35064 1.04684 1.23303 1.76608 1.5648 1.82569 1.58362 1.4502 1.24866 1.25609 1.21627 1.64752 1.15767 0.75216 0.604461 0.678168 0.766751 0.924152 1.06343 0.758057 0.959961 1.06393 0.899032 1.2647 1.25697 1.63815 2.38251 4.72804 4.69741 3.31722 3.27756 1.78035 1.41612 1.09553 0.681058 0.653378 1.85545 3.89415 3.96144 2.86464 1.8793 1.75026 1.6131 1.45829 1.65132 1.9664 2.09058 1.65338 1.25937 0.870655 1.9304 1.7343 1.4388 1.90703 1.16521 0.903363 0.692332 1.46904
1.11928 1.17656 1.67787 1.30701 1.37953 1.64811 1.3504 1.54509 1.74539 1.1787 0.948026 1.06731 1.21389 1.17344 1.26612 1.84892 1.26649 1.16595 2.02546 1.59934 1.58687 1.6508 1.08572 1.08858 1.36213 1.23887 1.18222 1.08579 0.92483 1.02266 1.15942 1.0459 1.11713 0.856919 1.16503 1.50785 1.24821 1.41192 1.5337 1.19925 1.66727 2.84969 6.11289 4.83622 3.91687 3.14498 1.72432 1.59501 1.56437 1.04141 0.922883 0.787789 2.61295 3.698 3.16306 2.18785 1.71486 1.66407 1.8265 1.53563 2.23266 2.30538 1.83925 1.61328 1.29468 1.31904 1.57745 1.3847 1.41214 1.22616 1.46055 1.44813 1.65502
1.23596 1.01119 1.22557 1.10326 1.25399 1.36689 1.24958 1.60878 1.50841 1.35574 1.19605 1.23302 1.32233 1.30611 1.15437 1.39536 1.16166 1.34505 1.45972 1.3048 1.42514 1.33722 0.908443 1.18088 1.23644 1.22582 0.996865 0.954386 0.993149 1.41504 1.25412 1.03131 1.20121 1.00665 0.949073 1.5915 1.33687 1.18831 1.30021 0.992299 1.41856 3.05449 5.47125 5.502 4.59185 3.07032 1.72723 1.80462 1.49123 1.23385 1.19233 0.836975 2.08991 3.78908 3.24581 2.23997 1.57043 1.405 1.69705 1.83529 2.08356 1.937 1.65386 1.60128 1.32688 1.05712 1.19634 1.3968 1.40301 1.14048 1.24977 1.424 1.29238
1.52236 1.17122 1.00034 1.00623 1.33966 1.19457 1.01193 1.65809 1.69094 1.65238 1.29202 1.24724 1.33129 1.16836 0.941035 1.10595 1.23684 1.07446 0.92858 1.2278 1.09534 1.11171 0.851162 0.766558 0.877138 1.10878 0.948488 0.90843 0.957013 1.07528 0.962189 0.77401 0.837852 1.14961 0.977847 1.19622 1.12375 1.0631 1.12244 0.897066 1.63596 4.2923 5.26441 5.08041 3.98892 2.6002 1.52566 1.5513 1.14491 1.35476 1.02343 0.684303 1.69612 2.46065 2.98088 3.25392 1.91204 1.19592 1.11354 1.71103 2.05679 2.29312 1.97685 1.83047 1.41785 1.64762 1.36671 1.99416 1.83937 1.05175 1.13414 1.16832 1.12139
1.18117 1.11658 1.16038 1.47031 1.75451 1.21372 0.965912 1.28827 1.71449 1.58828 1.08875 1.15078 1.3425 1.33421 0.837608 0.981965 1.07481 1.07739 1.10425 1.2409 0.685144 0.804247 0.837883 0.931583 0.905595 1.13221 0.929792 1.02583 1.2699 0.935193 0.938522 1.13875 0.972938 1.17263 1.1446 0.965324 0.920397 1.15534 1.37152 1.15061 2.05071 4.9553 5.53665 5.77729 3.90686 2.07149 1.67639 1.8244 1.21973 1.00006 1.04736 1.36915 1.83904 1.27195 2.73682 3.68539 2.14641 2.17689 1.95407 2.0666 2.14979 2.62148 2.09526 1.91467 1.89229 2.74369 1.87318 1.33653 1.18243 0.896645 1.05408 1.04077 1.30209
