pygmi/test/u.asc
ncols 			232
nrows 			481
xllcorner 			-20187.5000000001
yllcorner 			-2823315.0
cellsize 			125.0
nodata_value 		1e+20
[rows 160 to 191 of 481, columns 73 to 145 of 232]
1.13118 1.36583 1.13216 1.4788 1.39886 1.3239 1.37481 1.20887 1.21814 1.28073 1.06777 0.911254 1.00906 1.078 1.0066 0.89564 1.1475 1.09006 1.26986 1.03783 1.0536 1.64955 1.82008 1.69846 1.43691 1.33241 1.34706 1.53009 1.48782 1.60902 1.31926 1.41061 1.37259 1.07731 1.18622 1.476 1.74519 1.62736 1.87737 1.85967 2.6939 2.86549 3.17526 4.63311 6.65528 6.3901 6.55065 3.82074 1.97227 1.66326 1.68443 1.79344 2.02749 2.59433 2.82751 2.3645 1.90385 1.90731 2.01605 2.24687 2.81049 3.12493 3.59687 3.86594 4.45981 4.86777 6.39067 6.11862 6.58301 7.97693 7.86957 7.77118 6.98627
1.22057 1.32836 1.20682 1.40974 1.57529 1.24237 1.21929 1.18462 1.26874 1.21116 1.11349 0.92334 0.942574 1.05549 1.11591 1.05807 1.19293 1.22806 1.2702 1.39867 1.04507 1.35844 1.43415 1.73654 1.63348 1.78116 1.37265 1.4141 1.64682 1.50088 1.68503 1.66663 1.25348 1.13167 1.06279 1.16304 1.44929 1.84892 1.94539 1.97153 2.52708 2.87491 3.08015 4.58155 7.1842 6.63235 6.1146 3.41046 2.01831 1.85218 1.85457 2.03524 2.39208 3.06462 2.69124 2.55433 2.24967 2.25891 2.41461 2.37058 3.05622 3.91772 3.4423 4.04763 4.79101 5.32502 6.09336 7.01467 5.83252 6.81377 7.21273 7.26192 6.91547
1.14208 1.26244 1.38555 1.2449 1.38779 1.34551 1.18531 1.16307 1.10977 1.10123 1.30104 1.10429 0.974754 1.10063 1.14318 1.0746 1.12124 1.14759 1.00965 1.3157 1.34481 1.45836 1.45697 1.27352 1.25652 1.55798 1.39214 1.29132 1.75824 1.74446 2.03666 1.48956 1.37027 1.42709 1.14546 0.941835 1.16794 1.8048 2.14716 2.73411 3.10212 2.76217 2.69078 4.01953 5.49132 5.4811 5.2408 2.91079 1.94067 1.96295 2.08709 2.13322 2.07683 2.32587 2.5154 2.51892 2.52202 2.78827 3.34627 3.20923 3.54283 4.63336 4.34813 4.76759 5.16514 5.80106 6.18241 6.31699 5.82418 6.14411 6.47512 6.69555 6.64332
1.19912 1.21067 1.4806 1.28487 1.17819 1.39319 1.2691 1.29017 1.06266 1.07621 1.11967 1.15324 1.04462 0.990303 1.08216 0.944711 1.15474 1.28541 1.1927 1.36943 1.59116 1.43328 1.13956 0.798991 1.24846 1.4964 1.56289 1.52592 1.53837 1.42523 1.62508 1.34796 1.44474 1.61517 1.8364 1.04396 1.27002 1.26298 1.67686 2.30418 2.45239 2.32586 2.51587 3.53658 4.58198 5.64444 5.40872 3.09028 2.29688 1.95457 2.2103 2.09463 1.87981 1.54979 2.19452 2.53352 2.70917 3.23688 3.37543 3.99132 4.84547 5.19155 5.28115 4.87569 5.15642 6.13149 6.35249 6.27826 6.03936 6.07275 6.2444 6.37137 6.45139
1.28207 1.33768 1.38913 1.29731 1.02394 1.24665 1.19753 1.36058 1.29861 1.2783 1.21555 1.22222 1.12422 1.05359 0.970461 0.787023 1.04026 1.15539 1.30622 1.62709 1.73273 1.44991 1.00529 0.898512 1.21562 1.5479 1.73004 1.75715 1.29927 1.33807 1.49404 1.39074 1.34043 1.2688 1.46607 1.40032 1.57925 1.57196 1.60146 2.00631 2.46878 2.38488 2.22484 2.8657 5.08004 6.65421 5.5589 3.57015 2.82884 2.40668 2.17886 1.56531 1.45262 1.48354 1.95409 2.68519 2.81851 3.20831 3.90037 4.70489 5.28022 5.26549 5.50287 4.91482 4.92879 5.80303 6.29809 6.30187 6.17598 6.18161 6.26971 6.31883 1e+20
1.20824 1.30246 1.31586 1.46576 1.38891 1.48408 1.40424 1.34936 1.43648 1.4379 1.3741 1.27568 1.01511 0.974773 1.01144 0.999429 0.953402 0.907724 1.26875 1.42725 1.64833 1.21042 0.940549 1.02091 1.10763 1.48679 1.62019 1.42907 1.28153 1.40709 1.56888 2.10579 1.61315 1.39143 1.45241 1.65711 1.66274 1.71061 1.53963 1.8293 1.75551 2.44539 2.3975 2.96796 5.98346 7.5739 5.7572 3.38526 2.28769 2.04914 2.31896 2.08172 1.54748 1.83064 1.90266 3.16467 4.00836 5.75703 5.95325 6.1553 6.51001 6.72187 6.39562 5.18536 5.15661 5.67 6.11969 6.24402 6.23656 6.24391 1e+20 1e+20 1e+20
1.29672 1.37547 1.30246 1.49432 1.39383 1.44546 1.47685 1.22806 1.21252 1.35789 1.32961 1.23361 1.01766 1.00526 0.96216 1.13195 0.988669 1.05072 1.32731 1.24193 1.40306 1.17842 1.14856 1.10425 1.14875 1.57824 1.65098 1.51915 1.31242 1.36096 1.31036 2.15789 1.75138 1.71714 1.50155 1.65094 1.88993 2.12825 2.00893 1.80834 2.11402 2.36143 2.76579 3.66788 6.00598 7.85706 5.73379 3.63734 2.97489 2.05293 2.31721 2.78186 2.01049 2.62556 3.10353 4.80235 5.97894 6.81735 7.1249 7.23031 7.28488 7.16299 6.63737 5.8219 5.59786 5.80785 6.06561 6.17568 6.21325 6.26228 1e+20 1e+20 1e+20
1.38718 1.44747 1.18196 1.46494 1.30485 1.29987 1.30651 1.10041 1.03981 1.51401 1.5946 1.35191 1.02788 1.05607 0.727871 0.92983 1.09532 1.16265 1.35552 1.26443 1.35748 1.11491 1.05719 1.12343 1.32263 1.5477 1.61404 1.58365 1.46627 1.6723 1.54938 1.59878 1.27338 1.58198 1.7376 1.65942 1.88968 2.21404 2.52046 2.06558 1.9229 2.01666 2.62678 4.51368 5.66968 7.11322 5.64653 3.33263 2.97393 2.16667 2.06819 2.60412 3.7197 4.70991 5.46765 6.4307 7.39084 6.37081 6.93203 7.47363 7.5027 7.24603 6.71827 6.17438 5.93793 5.97592 6.06908 1e+20 1e+20 1e+20 1e+20 1e+20 1e+20
1.53283 1.48243 1.43429 1.50274 1.26779 1.4425 1.31016 1.18891 1.20633 1.46188 1.77812 1.502 1.29981 1.35931 0.918724 0.894238 0.948013 1.19641 1.49378 1.17566 1.11642 0.98957 0.900943 0.96054 1.21637 1.67479 1.4393 1.31629 1.26802 1.61311 1.73261 1.48135 1.5883 1.79614 2.20444 1.87786 1.58332 1.91067 2.57911 2.44948 2.12011 2.54708 3.501 6.5282 7.20345 6.71674 5.90747 3.99625 3.34904 2.64853 2.57157 3.55612 5.65793 6.13864 6.87111 6.85969 7.03419 6.36799 6.73098 7.17805 7.27696 7.05589 6.70617 6.36878 1e+20 1e+20 1e+20 1e+20 1e+20 1e+20 1e+20 1e+20 1e+20
1.84145 1.74152 1.71783 1.70574 1.73911 1.93411 1.64061 1.44752 1.43185 1.39718 1.40372 1.32054 1.32517 1.28704 0.967936 1.1524 1.15563 1.25316 1.54932 1.31751 1.08725 1.09489 1.05564 0.928021 1.22331 1.44279 1.29739 1.26193 1.35355 1.60031 1.74691 1.72987 2.06515 1.87674 2.12148 1.98556 1.6087 1.7256 2.08906 2.40258 3.06724 4.22146 4.51484 6.73547 7.3162 4.32379 4.64822 5.40801 4.94387 4.01711 4.24214 5.56267 6.3448 6.15373 6.87704 7.3504 7.67306 6.45778 6.57926 6.90477 7.03857 6.88767 6.69069 6.45972 1e+20 1e+20 1e+20 1e+20 1e+20 1e+20 1e+20 1e+20 1e+20
1.72304 1.5894 1.45513 1.34092 1.66728 1.56249 1.50112 1.50333 1.54283 1.51432 1.14289 1.18091 1.20283 1.32606 1.23675 1.48412 1.44074 1.53111 1.47106 1.39233 1.15913 1.19793 1.31292 1.06093 1.16429 1.39013 1.48106 1.52362 1.51098 1.51073 1.39606 1.47897 1.80422 1.8749 2.00983 1.83012 1.69555 1.70379 1.85785 2.15335 3.17934 4.16682 5.91209 6.28572 5.61802 2.97916 2.85878 3.44289 4.4979 4.21862 4.66669 5.31876 6.32541 6.22969 6.62729 7.07049 7.23752 6.68813 6.63535 6.80275 6.86117 1e+20 1e+20 1e+20 1e+20 1e+20 1e+20 1e+20 1e+20 1e+20 1e+20 1e+20 1e+20
1.4509 1.413 1.27358 1.26907 1.48742 1.4054 1.50916 1.63539 1.60118 1.5399 1.31189 1.32796 1.25675 1.30299 1.33602 1.38918 1.42692 1.66019 1.22816 1.25754 1.19049 0.997485 0.962026 1.01161 1.49629 1.50449 1.48165 1.42733 1.58028 1.52641 1.34418 1.22194 1.3045 1.95304 2.05191 2.15807 1.98159 1.85172 1.85256 1.97414 2.71138 4.76235 7.27834 5.36628 3.47603 2.25006 1.6156 1.79236 4.3477 5.00168 5.25236 5.49168 5.90446 5.85821 6.22267 6.61394 6.78121 6.6413 6.64913 1e+20 1e+20 1e+20 1e+20 1e+20 1e+20 1e+20 1e+20 1e+20 1e+20 1e+20 1e+20 1e+20 1e+20
1.06243 1.27638 1.21787 1.15829 1.48752 1.38058 1.61656 1.80424 1.62676 1.51224 1.357 1.3668 1.59911 1.3436 1.24971 1.17432 1.0327 1.19897 1.11197 1.20478 1.11417 0.910608 0.836947 1.26564 1.3898 1.472 1.6391 1.61178 1.69833 1.39567 1.36212 1.24741 1.37466 1.61532 1.68661 1.88484 1.92595 1.77655 1.53101 1.35051 2.2723 5.1702 5.30643 3.28795 2.64593 2.28712 1.96482 2.92719 4.43251 5.50627 5.54458 5.57684 5.7081 5.7378 5.95983 6.23879 6.46303 1e+20 1e+20 1e+20 1e+20 1e+20 1e+20 1e+20 1e+20 1e+20 1e+20 1e+20 1e+20 1e+20 1e+20 1e+20 1e+20
0.814574 1.21129 1.29164 1.14202 1.45097 1.59116 1.70512 1.74681 1.64882 1.25953 1.20797 1.273 1.6327 1.44523 1.24025 1.08265 1.069 1.32376 1.21864 1.30659 1.451 1.37947 1.32597 1.43836 1.2005 1.42926 1.32355 1.537 1.45545 1.3262 1.57963 1.49532 1.41859 1.52212 1.89083 2.07144 1.91066 1.73848 1.79529 2.03189 5.01455 7.24651 4.33264 2.52946 2.06842 2.64323 2.44215 3.05853 3.8665 4.82646 5.1444 5.32356 5.4315 5.57326 5.79782 6.02106 1e+20 1e+20 1e+20 1e+20 1e+20 1e+20 1e+20 1e+20 1e+20 1e+20 1e+20 1e+20 1e+20 1e+20 1e+20 1e+20 1e+20
1.18397 1.49736 1.50263 1.39862 1.49467 1.45668 1.51914 1.51666 1.50979 1.31523 1.3294 1.54076 1.63958 1.50602 1.38645 1.17254 1.04978 1.25837 1.29553 1.303 1.43136 1.52972 1.53516 1.29215 1.34184 1.69309 1.18212 1.20189 1.21191 1.41917 1.61907 1.728 1.77434 1.8215 1.92272 1.75905 1.52894 1.58176 2.32637 3.9988 7.0435 6.51657 3.1847 1.94997 1.69555 2.09567 2.2302 2.93987 3.58808 4.22428 4.59195 4.87989 5.12617 1e+20 1e+20 1e+20 1e+20 1e+20 1e+20 1e+20 1e+20 1e+20 1e+20 1e+20 1e+20 1e+20 1e+20 1e+20 1e+20 1e+20 1e+20 1e+20 1e+20
1.25523 1.28221 0.975968 1.28102 1.45046 1.42417 1.43678 1.42969 1.2557 1.30162 1.3397 1.43042 1.50639 1.51648 1.46716 1.22983 1.01537 0.895622 1.25047 1.34457 1.41235 1.51409 1.45911 1.23086 1.21049 1.3596 1.15305 1.11937 1.28773 1.43905 1.46391 1.48342 1.71697 1.98265 2.02964 1.63315 1.2222 1.44025 2.00569 4.39129 6.46691 5.2082 2.64766 1.6119 1.5811 1.93411 2.34518 2.92449 3.3838 3.8296 4.15697 4.49817 1e+20 1e+20 1e+20 1e+20 1e+20 1e+20 1e+20 1e+20 1e+20 1e+20 1e+20 1e+20 1e+20 1e+20 1e+20 1e+20 1e+20 1e+20 1e+20 1e+20 1e+20
1.38023 1.33465 0.898218 0.961314 1.15447 1.22586 1.50023 1.61724 1.41541 1.37209 1.28642 1.1597 1.20425 1.31529 1.16608 1.08119 1.1027 1.01457 1.09007 1.02548 1.27124 1.47461 1.39902 1.26058 1.10698 1.1481 1.15066 1.23299 1.31807 1.3648 1.31932 1.15204 1.67588 1.9172 2.14738 1.69725 1.22364 1.11054 2.10711 6.03026 7.01356 5.19315 3.08578 1.9654 1.84578 2.0999 2.4686 2.87113 3.22797 3.5523 3.89464 1e+20 1e+20 1e+20 1e+20 1e+20 1e+20 1e+20 1e+20 1e+20 1e+20 1e+20 1e+20 1e+20 1e+20 1e+20 1e+20 1e+20 1e+20 1e+20 1e+20 1e+20 1e+20
1.24749 1.19607 1.11903 0.911876 1.31004 1.33485 1.6393 1.64651 1.44562 1.45907 1.29853 1.13777 1.00858 1.10528 1.13472 0.933103 1.0079 1.00213 1.13876 1.08599 1.31414 1.52646 1.30317 1.42661 1.08342 1.13344 1.25325 1.51134 1.7176 1.49932 1.52501 1.3787 1.39518 1.44894 1.74069 1.70272 1.56623 1.66872 2.92341 6.9434 7.17189 5.05132 3.37599 2.46308 2.28686 2.38709 2.60871 2.89515 1e+20 1e+20 1e+20 1e+20 1e+20 1e+20 1e+20 1e+20 1e+20 1e+20 1e+20 1e+20 1e+20 1e+20 1e+20 1e+20 1e+20 1e+20 1e+20 1e+20 1e+20 1e+20 1e+20 1e+20 1e+20
1.18802 1.28913 1.01527 1.088 1.34748 1.34661 1.56911 1.53765 1.42445 1.50194 1.38863 1.2534 1.29849 1.20033 1.20443 1.06547 1.13346 1.2301 1.39129 1.5246 1.53497 1.3934 1.21706 1.57667 1.34565 1.51541 1.50512 1.54036 1.69344 1.2337 1.35417 1.52743 1.26281 1.31246 1.36907 1.51463 1.57932 1.95128 2.68622 5.02265 4.88163 3.75466 3.11892 2.72675 2.64466 2.65748 2.75234 1e+20 1e+20 1e+20 1e+20 1e+20 1e+20 1e+20 1e+20 1e+20 1e+20 1e+20 1e+20 1e+20 1e+20 1e+20 1e+20 1e+20 1e+20 1e+20 1e+20 1e+20 1e+20 1e+20 1e+20 1e+20 1e+20
1.11797 1.23658 1.16254 1.30005 1.44904 1.40955 1.60209 1.53017 1.47871 1.59866 1.4194 1.39949 1.69957 1.4175 1.5187 1.14451 1.0488 1.19968 1.44435 1.59434 1.47487 1.21203 1.05847 1.15987 1.09107 1.33179 1.39683 1.3603 1.66812 1.38048 1.3457 1.69595 1.51765 1.59365 1.56897 1.43038 1.45756 1.94748 3.50592 4.70452 4.54569 3.82644 3.39282 3.10161 2.96509 1e+20 1e+20 1e+20 1e+20 1e+20 1e+20 1e+20 1e+20 1e+20 1e+20 1e+20 1e+20 1e+20 1e+20 1e+20 1e+20 1e+20 1e+20 1e+20 1e+20 1e+20 1e+20 1e+20 1e+20 1e+20 1e+20 1e+20 1e+20
1.31473 1.22217 1.18332 1.15702 0.97863 1.25147 1.6216 1.63925 1.42575 1.52039 1.39362 1.17882 1.45342 1.22594 1.34443 1.07686 0.988862 1.29218 1.37243 1.4439 1.38944 1.1835 1.08286 1.03417 1.31292 1.44307 1.53529 1.68924 1.70751 1.61071 1.65078 1.73897 1.52427 1.72178 1.66339 1.37486 1.35051 2.19927 4.83751 5.42773 5.01265 4.40677 3.91522 3.59038 3.34471 1e+20 1e+20 1e+20 1e+20 1e+20 1e+20 1e+20 1e+20 1e+20 1e+20 1e+20 1e+20 1e+20 1e+20 1e+20 1e+20 1e+20 1e+20 1e+20 1e+20 1e+20 1e+20 1e+20 1e+20 1e+20 1e+20 1e+20 1e+20
1.46662 1.48613 1.35744 1.2977 1.05591 1.30982 1.62776 1.26512 1.35264 1.54283 1.56996 1.50256 1.5458 1.04864 1.11494 0.996526 1.18674 1.33459 1.29601 1.56537 1.48809 1.25035 1.22548 0.971449 1.04358 1.39841 1.56436 1.64914 1.64508 1.82091 1.87879 1.65112 1.43296 1.41651 1.58129 1.59348 1.55937 2.94995 5.45841 6.10652 5.56944 4.94748 1e+20 1e+20 1e+20 1e+20 1e+20 1e+20 1e+20 1e+20 1e+20 1e+20 1e+20 1e+20 1e+20 1e+20 1e+20 1e+20 1e+20 1e+20 1e+20 1e+20 1e+20 1e+20 1e+20 1e+20 1e+20 1e+20 1e+20 1e+20 1e+20 1e+20 1e+20
1.41906 1.26958 1.32757 1.30658 1.1671 1.39909 1.68329 1.46673 1.42352 1.35496 1.10631 1.42508 1.40017 0.887286 1.06586 0.939633 1.24261 1.40027 1.1911 1.43292 1.59429 1.43273 1.45091 1.04069 1.23521 1.36476 1.62343 1.80187 1.93394 2.03371 1.92116 1.68478 1.47203 1.38054 1.52226 1.92225 1.65499 3.61081 6.4324 6.80419 1e+20 1e+20 1e+20 1e+20 1e+20 1e+20 1e+20 1e+20 1e+20 1e+20 1e+20 1e+20 1e+20 1e+20 1e+20 1e+20 1e+20 1e+20 1e+20 1e+20 1e+20 1e+20 1e+20 1e+20 1e+20 1e+20 1e+20 1e+20 1e+20 1e+20 1e+20 1e+20 1e+20
1.34122 1.09474 1.15969 1.09001 1.25143 1.55131 1.81716 1.43407 1.4814 1.44562 1.01979 0.966621 0.833403 0.853131 0.867518 0.989745 1.36059 1.39094 1.63933 1.46519 1.70739 1.70413 1.62918 1.3118 1.32526 1.4503 1.67967 1.74618 1.81519 1.81444 1.80902 1.78174 1.74215 1.70138 1.75692 1.55399 1.54934 4.46159 6.67095 7.07002 1e+20 1e+20 1e+20 1e+20 1e+20 1e+20 1e+20 1e+20 1e+20 1e+20 1e+20 1e+20 1e+20 1e+20 1e+20 1e+20 1e+20 1e+20 1e+20 1e+20 1e+20 1e+20 1e+20 1e+20 1e+20 1e+20 1e+20 1e+20 1e+20 1e+20 1e+20 1e+20 1e+20
1.2936 1.31675 1.41825 1.35787 1.36834 1.49039 1.55378 1.38178 1.51021 1.45996 1.24017 0.985639 1.08611 0.932662 0.738783 1.02324 0.90176 0.876499 1.49875 1.36048 1.68948 1.51595 1.53831 1.39823 1.45088 1.44675 1.68078 1.52558 1.70153 1.67096 2.05106 1.9756 1.98386 1.76376 1.77734 1.48253 1.86974 1e+20 1e+20 1e+20 1e+20 1e+20 1e+20 1e+20 1e+20 1e+20 1e+20 1e+20 1e+20 1e+20 1e+20 1e+20 1e+20 1e+20 1e+20 1e+20 1e+20 1e+20 1e+20 1e+20 1e+20 1e+20 1e+20 1e+20 1e+20 1e+20 1e+20 1e+20 1e+20 1e+20 1e+20 1e+20 1e+20
1.21517 1.15714 1.65841 1.62295 1.39974 1.28057 1.27164 1.05537 1.29647 1.24475 1.51803 1.35154 1.29918 1.15769 0.975878 1.08008 1.01649 1.00041 1.40252 0.898953 1.29462 1.52975 1.56935 1.4338 1.34589 1.25162 1.63008 1.81289 1.6646 1.78512 1.8603 1.91966 2.06948 1.91659 1.6135 1.30523 1.71592 1e+20 1e+20 1e+20 1e+20 1e+20 1e+20 1e+20 1e+20 1e+20 1e+20 1e+20 1e+20 1e+20 1e+20 1e+20 1e+20 1e+20 1e+20 1e+20 1e+20 1e+20 1e+20 1e+20 1e+20 1e+20 1e+20 1e+20 1e+20 1e+20 1e+20 1e+20 1e+20 1e+20 1e+20 1e+20 1e+20
1.09274 1.50715 2.14553 1.86851 1.64365 1.18809 1.29503 1.19501 1.51294 1.45371 1.32732 1.44965 1.44428 1.34969 1.12895 1.08266 1.0411 0.944513 1.21033 1.0865 1.32156 1.69892 1.60944 1.45381 1.32973 1.53873 1.66362 1.68979 1.76076 1.96167 1.83192 1.92851 2.18664 2.09678 1.68667 1.49565 2.48644 1e+20 1e+20 1e+20 1e+20 1e+20 1e+20 1e+20 1e+20 1e+20 1e+20 1e+20 1e+20 1e+20 1e+20 1e+20 1e+20 1e+20 1e+20 1e+20 1e+20 1e+20 1e+20 1e+20 1e+20 1e+20 1e+20 1e+20 1e+20 1e+20 1e+20 1e+20 1e+20 1e+20 1e+20 1e+20 1e+20
1.17119 1.52119 1.72664 1.37117 1.49681 1.26006 1.44291 1.44059 1.51564 1.24533 1.11279 1.32328 1.48615 1.46107 1.31165 1.33082 1.30852 1.20924 1.35249 1.31489 1.41139 1.38061 1.46045 1.5035 1.3856 1.91996 1.72824 1.87729 1.8469 2.01872 2.16113 1.86276 1.88955 1.92553 1.79864 1.80352 3.25764 1e+20 1e+20 1e+20 1e+20 1e+20 1e+20 1e+20 1e+20 1e+20 1e+20 1e+20 1e+20 1e+20 1e+20 1e+20 1e+20 1e+20 1e+20 1e+20 1e+20 1e+20 1e+20 1e+20 1e+20 1e+20 1e+20 1e+20 1e+20 1e+20 1e+20 1e+20 1e+20 1e+20 1e+20 1e+20 1e+20
1.08953 1.39817 1.54538 1.42305 1.21187 1.07489 1.46883 1.51738 1.50199 1.0407 0.988671 1.16164 1.29153 1.36395 1.29118 1.49338 1.43007 1.29214 1.35198 1.24762 1.25626 1.5481 1.71043 2.08148 1.5526 1.77169 1.59245 1.55316 1.76722 1.90183 2.04989 1.8087 1.80175 1.68696 1.75058 2.41888 4.29563 1e+20 1e+20 1e+20 1e+20 1e+20 1e+20 1e+20 1e+20 1e+20 1e+20 1e+20 1e+20 1e+20 1e+20 1e+20 1e+20 1e+20 1e+20 1e+20 1e+20 1e+20 1e+20 1e+20 1e+20 1e+20 1e+20 1e+20 1e+20 1e+20 1e+20 1e+20 1e+20 1e+20 1e+20 1e+20 1e+20
1.11711 1.4291 1.52205 1.33075 1.00993 1.02541 1.22045 1.32364 1.34182 1.27212 1.04746 1.02746 1.15112 1.26267 1.08647 1.35908 1.44055 1.36625 1.35239 1.22983 1.37458 1.58502 1.42717 1.62428 1.45403 1.75132 1.59641 1.65874 1.84564 1.66877 1.56472 1.47907 1.54882 1.66598 1.85287 2.93231 5.66589 1e+20 1e+20 1e+20 1e+20 1e+20 1e+20 1e+20 1e+20 1e+20 1e+20 1e+20 1e+20 1e+20 1e+20 1e+20 1e+20 1e+20 1e+20 1e+20 1e+20 1e+20 1e+20 1e+20 1e+20 1e+20 1e+20 1e+20 1e+20 1e+20 1e+20 1e+20 1e+20 1e+20 1e+20 1e+20 1e+20
1.12208 1.32079 1.52844 1.40076 1.16007 1.05546 1.45852 1.26258 1.16388 1.36631 1.15886 1.00181 0.985088 1.06804 1.02781 1.42747 1.5649 1.64038 1.28861 1.38453 1.5835 1.52724 1.39351 1.42198 1.43736 1.61628 1.58069 1.80135 1.98061 1.76722 1.33726 1.50439 1.58413 1.97856 2.46892 4.19259 6.06124 1e+20 1e+20 1e+20 1e+20 1e+20 1e+20 1e+20 1e+20 1e+20 1e+20 1e+20 1e+20 1e+20 1e+20 1e+20 1e+20 1e+20 1e+20 1e+20 1e+20 1e+20 1e+20 1e+20 1e+20 1e+20 1e+20 1e+20 1e+20 1e+20 1e+20 1e+20 1e+20 1e+20 1e+20 1e+20 1e+20
1.16375 1.10069 1.26981 1.4524 1.31546 0.989026 1.36339 1.08972 1.06915 1.24823 1.15915 1.1263 0.920622 1.03742 1.06176 1.23398 1.31322 1.32911 1.45505 1.45795 1.33845 1.48057 1.46073 1.5348 1.60733 1.64759 1.49688 1.90343 2.21427 2.10701 1.69848 1.56448 1.25269 1.49832 2.31219 4.43788 5.64183 1e+20 1e+20 1e+20 1e+20 1e+20 1e+20 1e+20 1e+20 1e+20 1e+20 1e+20 1e+20 1e+20 1e+20 1e+20 1e+20 1e+20 1e+20 1e+20 1e+20 1e+20 1e+20 1e+20 1e+20 1e+20 1e+20 1e+20 1e+20 1e+20 1e+20 1e+20 1e+20 1e+20 1e+20 1e+20 1e+20
