pygmi/test/u.asc
ncols 			232
nrows 			481
xllcorner 			-20187.5000000001
yllcorner 			-2823315.0
cellsize 			125.0
nodata_value 		1e+20
[rows 320 to 351 of 481, columns 146 to 218 of 232]
4.18855 3.75611 4.1076 4.25751 2.00323 3.12934 1.7421 1.47156 1.4719 1.78512 1e+20 1e+20 1e+20 1e+20 1e+20 1e+20 1e+20 1e+20 1e+20 1e+20 1e+20 1e+20 1e+20 1e+20 1e+20 1e+20 1e+20 1e+20 1e+20 1e+20 1e+20 1e+20 1e+20 1e+20 1e+20 1e+20 1e+20 1e+20 1e+20 1e+20 1e+20 1e+20 1e+20 1e+20 1e+20 1e+20 1e+20 1e+20 1e+20 1e+20 1e+20 1e+20 1e+20 1e+20 1e+20 1e+20 1e+20 1e+20 1e+20 1e+20 1e+20 1e+20 1e+20 1e+20 1e+20 1e+20 1e+20 1e+20 1e+20 1e+20 1e+20 1e+20 1e+20
3.91744 3.62109 3.60895 3.71202 3.42103 3.9604 0.950669 1.11859 1.16552 1.66506 2.20759 1e+20 1e+20 1e+20 1e+20 1e+20 1e+20 1e+20 1e+20 1e+20 1e+20 1e+20 1e+20 1e+20 1e+20 1e+20 1e+20 1e+20 1e+20 1e+20 1e+20 1e+20 1e+20 1e+20 1e+20 1e+20 1e+20 1e+20 1e+20 1e+20 1e+20 1e+20 1e+20 1e+20 1e+20 1e+20 1e+20 1e+20 1e+20 1e+20 1e+20 1e+20 1e+20 1e+20 1e+20 1e+20 1e+20 1e+20 1e+20 1e+20 1e+20 1e+20 1e+20 1e+20 1e+20 1e+20 1e+20 1e+20 1e+20 1e+20 1e+20 1e+20 1e+20
3.63044 4.26535 5.71026 4.93392 4.35457 3.35418 2.15624 2.31138 1.70951 1.97881 2.5195 1e+20 1e+20 1e+20 1e+20 1e+20 1e+20 1e+20 1e+20 1e+20 1e+20 1e+20 1e+20 1e+20 1e+20 1e+20 1e+20 1e+20 1e+20 1e+20 1e+20 1e+20 1e+20 1e+20 1e+20 1e+20 1e+20 1e+20 1e+20 1e+20 1e+20 1e+20 1e+20 1e+20 1e+20 1e+20 1e+20 1e+20 1e+20 1e+20 1e+20 1e+20 1e+20 1e+20 1e+20 1e+20 1e+20 1e+20 1e+20 1e+20 1e+20 1e+20 1e+20 1e+20 1e+20 1e+20 1e+20 1e+20 1e+20 1e+20 1e+20 1e+20 1e+20
3.57967 4.41094 4.50051 4.43384 3.89176 2.18376 2.70572 3.02827 3.64216 2.88486 3.05651 3.40099 1e+20 1e+20 1e+20 1e+20 1e+20 1e+20 1e+20 1e+20 1e+20 1e+20 1e+20 1e+20 1e+20 1e+20 1e+20 1e+20 1e+20 1e+20 1e+20 1e+20 1e+20 1e+20 1e+20 1e+20 1e+20 1e+20 1e+20 1e+20 1e+20 1e+20 1e+20 1e+20 1e+20 1e+20 1e+20 1e+20 1e+20 1e+20 1e+20 1e+20 1e+20 1e+20 1e+20 1e+20 1e+20 1e+20 1e+20 1e+20 1e+20 1e+20 1e+20 1e+20 1e+20 1e+20 1e+20 1e+20 1e+20 1e+20 1e+20 1e+20 1e+20
4.17869 5.49897 5.11345 4.64242 4.40368 2.59265 2.90799 2.55725 2.94058 3.44429 3.56793 3.65522 3.97253 4.35424 1e+20 1e+20 1e+20 1e+20 1e+20 1e+20 1e+20 1e+20 1e+20 1e+20 1e+20 1e+20 1e+20 1e+20 1e+20 1e+20 1e+20 1e+20 1e+20 1e+20 1e+20 1e+20 1e+20 1e+20 1e+20 1e+20 1e+20 1e+20 1e+20 1e+20 1e+20 1e+20 1e+20 1e+20 1e+20 1e+20 1e+20 1e+20 1e+20 1e+20 1e+20 1e+20 1e+20 1e+20 1e+20 1e+20 1e+20 1e+20 1e+20 1e+20 1e+20 1e+20 1e+20 1e+20 1e+20 1e+20 1e+20 1e+20 1e+20
3.79079 4.81509 5.44159 4.27572 3.9679 4.49611 4.37598 3.30903 2.66281 4.1724 4.15465 3.81096 4.09927 4.47214 4.67525 1e+20 1e+20 1e+20 1e+20 1e+20 1e+20 1e+20 1e+20 1e+20 1e+20 1e+20 1e+20 1e+20 1e+20 1e+20 1e+20 1e+20 1e+20 1e+20 1e+20 1e+20 1e+20 1e+20 1e+20 1e+20 1e+20 1e+20 1e+20 1e+20 1e+20 1e+20 1e+20 1e+20 1e+20 1e+20 1e+20 1e+20 1e+20 1e+20 1e+20 1e+20 1e+20 1e+20 1e+20 1e+20 1e+20 1e+20 1e+20 1e+20 1e+20 1e+20 1e+20 1e+20 1e+20 1e+20 1e+20 1e+20 1e+20
3.28319 3.37268 3.76336 3.73576 4.00053 4.23674 4.53612 4.45558 4.48477 4.74924 4.73054 3.82135 4.44771 4.75599 4.85759 4.84725 1e+20 1e+20 1e+20 1e+20 1e+20 1e+20 1e+20 1e+20 1e+20 1e+20 1e+20 1e+20 1e+20 1e+20 1e+20 1e+20 1e+20 1e+20 1e+20 1e+20 1e+20 1e+20 1e+20 1e+20 1e+20 1e+20 1e+20 1e+20 1e+20 1e+20 1e+20 1e+20 1e+20 1e+20 1e+20 1e+20 1e+20 1e+20 1e+20 1e+20 1e+20 1e+20 1e+20 1e+20 1e+20 1e+20 1e+20 1e+20 1e+20 1e+20 1e+20 1e+20 1e+20 1e+20 1e+20 1e+20 1e+20
3.40325 3.16983 3.29308 3.43726 3.73819 3.88981 4.24729 4.5526 4.61686 4.32082 4.01593 4.2883 5.196 5.24044 5.11278 4.98444 1e+20 1e+20 1e+20 1e+20 1e+20 1e+20 1e+20 1e+20 1e+20 1e+20 1e+20 1e+20 1e+20 1e+20 1e+20 1e+20 1e+20 1e+20 1e+20 1e+20 1e+20 1e+20 1e+20 1e+20 1e+20 1e+20 1e+20 1e+20 1e+20 1e+20 1e+20 1e+20 1e+20 1e+20 1e+20 1e+20 1e+20 1e+20 1e+20 1e+20 1e+20 1e+20 1e+20 1e+20 1e+20 1e+20 1e+20 1e+20 1e+20 1e+20 1e+20 1e+20 1e+20 1e+20 1e+20 1e+20 1e+20
3.10384 3.25075 3.3321 3.5855 3.86798 3.52459 3.99445 4.76486 4.47383 4.3461 4.34517 4.43089 5.36228 5.38002 5.17919 5.01935 4.94706 1e+20 1e+20 1e+20 1e+20 1e+20 1e+20 1e+20 1e+20 1e+20 1e+20 1e+20 1e+20 1e+20 1e+20 1e+20 1e+20 1e+20 1e+20 1e+20 1e+20 1e+20 1e+20 1e+20 1e+20 1e+20 1e+20 1e+20 1e+20 1e+20 1e+20 1e+20 1e+20 1e+20 1e+20 1e+20 1e+20 1e+20 1e+20 1e+20 1e+20 1e+20 1e+20 1e+20 1e+20 1e+20 1e+20 1e+20 1e+20 1e+20 1e+20 1e+20 1e+20 1e+20 1e+20 1e+20 1e+20
2.49699 2.75395 3.04916 3.33285 3.35922 3.20722 3.34158 3.64791 3.73703 4.1114 4.23749 4.31725 5.46983 5.29584 5.07779 5.05413 4.95306 4.87314 1e+20 1e+20 1e+20 1e+20 1e+20 1e+20 1e+20 1e+20 1e+20 1e+20 1e+20 1e+20 1e+20 1e+20 1e+20 1e+20 1e+20 1e+20 1e+20 1e+20 1e+20 1e+20 1e+20 1e+20 1e+20 1e+20 1e+20 1e+20 1e+20 1e+20 1e+20 1e+20 1e+20 1e+20 1e+20 1e+20 1e+20 1e+20 1e+20 1e+20 1e+20 1e+20 1e+20 1e+20 1e+20 1e+20 1e+20 1e+20 1e+20 1e+20 1e+20 1e+20 1e+20 1e+20 1e+20
2.50977 2.45577 2.69184 2.95596 3.21041 3.17881 3.52904 4.01431 4.03811 3.83905 3.67389 3.30503 4.49911 4.95056 4.76417 5.05593 4.88846 4.79 4.61959 1e+20 1e+20 1e+20 1e+20 1e+20 1e+20 1e+20 1e+20 1e+20 1e+20 1e+20 1e+20 1e+20 1e+20 1e+20 1e+20 1e+20 1e+20 1e+20 1e+20 1e+20 1e+20 1e+20 1e+20 1e+20 1e+20 1e+20 1e+20 1e+20 1e+20 1e+20 1e+20 1e+20 1e+20 1e+20 1e+20 1e+20 1e+20 1e+20 1e+20 1e+20 1e+20 1e+20 1e+20 1e+20 1e+20 1e+20 1e+20 1e+20 1e+20 1e+20 1e+20 1e+20 1e+20
2.52363 2.49177 2.56817 2.54329 2.88339 2.97757 3.2465 3.9701 3.90814 3.55743 3.67974 3.56235 4.07551 4.25273 4.3792 5.14441 4.76901 4.71625 4.42006 1e+20 1e+20 1e+20 1e+20 1e+20 1e+20 1e+20 1e+20 1e+20 1e+20 1e+20 1e+20 1e+20 1e+20 1e+20 1e+20 1e+20 1e+20 1e+20 1e+20 1e+20 1e+20 1e+20 1e+20 1e+20 1e+20 1e+20 1e+20 1e+20 1e+20 1e+20 1e+20 1e+20 1e+20 1e+20 1e+20 1e+20 1e+20 1e+20 1e+20 1e+20 1e+20 1e+20 1e+20 1e+20 1e+20 1e+20 1e+20 1e+20 1e+20 1e+20 1e+20 1e+20 1e+20
2.20562 2.17472 2.55266 2.56719 2.53557 2.78399 3.20162 3.59884 3.66368 3.61578 4.08959 3.83298 3.76597 3.59808 3.41266 4.20159 4.55733 4.54039 4.01198 3.60644 1e+20 1e+20 1e+20 1e+20 1e+20 1e+20 1e+20 1e+20 1e+20 1e+20 1e+20 1e+20 1e+20 1e+20 1e+20 1e+20 1e+20 1e+20 1e+20 1e+20 1e+20 1e+20 1e+20 1e+20 1e+20 1e+20 1e+20 1e+20 1e+20 1e+20 1e+20 1e+20 1e+20 1e+20 1e+20 1e+20 1e+20 1e+20 1e+20 1e+20 1e+20 1e+20 1e+20 1e+20 1e+20 1e+20 1e+20 1e+20 1e+20 1e+20 1e+20 1e+20 1e+20
2.19294 2.07568 2.25261 2.41566 2.42976 2.53247 3.02613 3.04859 2.95399 3.20564 3.47328 3.57168 3.74896 3.38337 3.43415 3.28625 4.12022 3.8267 3.2243 2.88928 2.75841 2.58829 2.23117 2.45375 2.67502 1e+20 1e+20 1e+20 1e+20 1e+20 1e+20 1e+20 1e+20 1e+20 1e+20 1e+20 1e+20 1e+20 1e+20 1e+20 1e+20 1e+20 1e+20 1e+20 1e+20 1e+20 1e+20 1e+20 1e+20 1e+20 1e+20 1e+20 1e+20 1e+20 1e+20 1e+20 1e+20 1e+20 1e+20 1e+20 1e+20 1e+20 1e+20 1e+20 1e+20 1e+20 1e+20 1e+20 1e+20 1e+20 1e+20 1e+20 1e+20
2.22607 2.07032 2.0914 2.52591 2.34189 2.17059 2.79474 2.6978 2.21923 2.60202 2.89375 2.96913 3.17619 3.2124 3.99855 3.14196 3.37016 2.96607 2.31055 2.21198 2.28839 2.37979 2.38709 2.5788 2.72584 2.87829 3.20325 3.68494 4.35239 4.97385 5.52294 5.89053 6.17477 6.34533 6.52888 6.61307 1e+20 1e+20 1e+20 1e+20 5.79387 5.54641 5.40462 5.3018 5.2301 5.28005 5.50037 5.98539 6.7586 7.73259 8.87889 9.97158 11.0224 11.5454 11.6018 11.0577 10.4047 9.79448 9.33656 8.93162 8.55797 8.21424 7.98958 7.75654 7.2536 6.88734 1e+20 1e+20 1e+20 1e+20 1e+20 1e+20 1e+20
2.1339 2.07965 2.22653 2.62705 2.44065 2.47439 2.64091 2.82811 2.58428 2.78126 2.78736 2.70405 2.74203 3.15666 3.44256 3.17494 3.22558 2.61797 2.21778 2.06778 2.19511 2.38746 2.54278 2.66978 2.76528 2.91787 3.20709 3.66431 4.23593 4.83386 5.3707 5.76482 6.05 6.29214 6.46229 6.57536 6.66359 6.64213 6.5361 6.33146 6.08753 5.84188 5.59087 5.38161 5.28967 5.35268 5.57517 6.04297 6.75996 7.66737 8.62002 9.59493 10.4795 10.9666 11.0347 10.6715 10.1711 9.66251 9.20127 8.79204 8.4034 8.08548 7.8405 7.58447 7.24871 6.92458 6.6334 6.34224 6.06173 5.85338 1e+20 1e+20 1e+20
1.59287 1.84945 2.05756 2.31204 2.21173 2.18968 2.32684 2.52442 2.63814 2.80976 2.62267 2.47209 2.52875 2.83889 2.80527 2.92314 2.98309 2.57397 3.02685 2.54999 2.39093 2.54256 2.72743 2.73813 2.77672 2.92652 3.15776 3.59951 4.18571 4.87827 5.45726 5.81939 6.07236 6.34704 6.53535 6.73654 6.81605 6.87757 6.87096 6.76034 6.48954 6.12696 5.79796 5.51652 5.26832 5.29497 5.55351 6.07821 6.76154 7.5792 8.53404 9.50423 10.308 10.8352 10.8324 10.4938 10.0951 9.59454 9.10019 8.64144 8.2394 7.95645 7.72537 7.47936 7.23871 6.97943 6.68361 6.36305 6.05916 5.77689 5.57266 1e+20 1e+20
1.57479 1.92687 2.00133 2.15048 1.99278 2.03792 2.13645 2.17008 2.34285 2.33413 2.31105 2.39255 2.58629 2.82922 2.60333 2.68947 3.00871 2.64594 2.70238 2.50468 2.55691 2.82001 2.97929 2.78911 2.66716 2.78042 3.03272 3.48901 4.16784 5.01181 5.77666 6.20143 6.1999 6.40138 6.60686 6.86225 7.04986 7.27552 7.39152 7.27557 7.02207 6.56997 6.01752 5.49388 5.06733 5.09878 5.37423 5.97948 6.7715 7.65688 8.6326 9.54751 10.4947 11.0464 11.0069 10.5987 10.1888 9.61824 9.05651 8.43305 8.06069 7.8339 7.66273 7.44979 7.26698 7.01167 6.73661 6.4113 6.05577 5.65124 5.31545 5.04068 4.72933
1.82183 1.78641 1.73445 1.78493 1.96683 2.04516 2.27686 2.01086 1.95965 2.19925 2.25275 2.41025 2.67398 2.44378 2.21714 2.43182 2.67452 2.70342 2.47752 2.49766 3.03651 3.21018 3.39032 2.7304 2.36124 2.47886 2.69244 3.16227 3.95496 5.11447 6.24922 6.64799 6.22723 6.4354 6.63782 6.89248 7.14738 7.59859 7.99093 7.98364 7.68596 7.07226 6.27735 5.36802 4.68905 4.61886 5.06109 5.85867 6.76356 7.70521 8.68055 9.67616 10.7863 11.5153 11.2673 10.7558 10.379 9.82105 9.14419 8.34888 7.89141 7.68238 7.6526 7.45798 7.34937 7.10767 6.86717 6.48321 6.09694 5.58386 4.99033 4.5615 4.24509
1.59329 1.54131 1.71493 1.71424 2.0238 1.91266 2.2546 1.96404 2.07539 2.15112 2.18271 2.35629 2.4776 2.11108 2.26261 2.43579 2.46016 2.87445 3.03219 2.50232 3.1686 3.31314 3.82529 2.57169 2.05257 2.17269 2.35505 2.63968 3.54438 5.16165 6.98042 7.61654 6.36438 6.55271 6.60735 6.61317 6.97144 7.80708 8.61832 8.71743 8.40289 7.70733 6.7074 5.40259 4.40386 4.09801 4.67675 5.63231 6.73022 7.71169 8.54214 9.48123 10.6836 11.9009 11.1362 10.6066 10.4145 10.0569 9.14719 8.12567 7.50623 7.43961 7.61165 7.33162 7.51529 7.37939 7.14994 6.77726 6.24139 5.52267 4.59941 3.89925 3.63889
1.82554 1.50084 1.31952 1.27545 1.5576 1.89449 2.56053 2.2088 2.11464 1.91587 2.10357 1.93978 2.47493 2.2624 2.24293 2.58494 2.33164 2.41277 2.79848 2.52701 2.87572 3.02938 3.00423 3.06571 2.08888 2.25805 2.31202 2.09663 2.78652 4.55351 7.43291 9.15425 7.51891 7.23464 6.67075 6.02394 6.46668 7.74506 9.09331 9.17589 9.00432 8.30695 7.38528 5.95418 5.1614 3.85542 4.35715 5.20855 6.61447 7.6058 7.62719 8.72809 9.66871 10.7076 10.0676 9.73629 9.7526 9.79026 8.81708 7.63829 6.91004 6.88512 7.18498 6.78534 7.61449 7.62111 7.53821 7.18583 6.44307 5.67373 4.15084 3.09362 3.05409
1.89152 1.59472 1.34845 1.20195 1.27513 1.86143 2.16769 2.11887 2.40801 2.42471 2.63989 2.14984 2.42441 2.26154 2.09706 2.29239 2.1177 2.36908 2.57653 2.46082 3.15071 2.96204 2.41527 3.06163 2.84491 2.98066 2.94263 2.40261 2.08274 2.96013 5.59416 8.13421 8.24093 7.34783 6.67064 5.34422 5.70605 7.76319 8.49376 9.09431 9.00007 8.20944 7.83195 7.01562 4.44771 3.83824 4.15632 4.29674 6.42435 8.30741 8.38241 8.70893 8.79483 10.2276 9.87455 8.46043 7.91365 7.77048 7.73612 6.85353 6.33914 6.08038 6.05867 6.25164 7.32926 7.71478 7.80879 7.52823 6.53671 5.77792 3.85543 2.56288 2.88573
1.89049 1.77651 1.45764 1.32962 1.30691 1.40279 1.74218 2.09497 1.92576 2.27848 2.32889 2.27281 2.49315 2.14363 2.14793 2.35647 2.30122 2.52629 2.61001 2.5047 2.83443 3.06307 2.63268 3.00366 3.1597 3.11415 3.17645 2.97765 2.48802 2.65977 3.82762 6.61078 8.67014 7.18462 7.01912 6.26158 4.57109 6.16531 7.61652 8.48216 7.72983 6.5878 7.09922 6.35198 4.12831 3.83184 3.53386 4.09236 6.30921 8.36479 8.46492 9.19138 9.06345 9.93243 10.3145 8.66709 7.00039 5.83556 6.36294 6.64075 5.37604 6.05659 6.8593 6.11641 7.01912 8.50802 8.02509 7.41935 6.34979 6.58135 4.91727 3.82915 3.69563
1.7647 1.86484 1.44056 1.24411 1.4778 1.22622 1.84415 2.50694 1.66992 1.82043 1.88416 2.27141 2.1327 1.7316 2.13568 2.20105 2.13458 2.06891 2.3512 2.29724 2.64271 2.47942 2.42366 3.0431 2.89191 2.67745 2.9375 2.7443 2.48466 2.96374 3.4269 5.75243 8.18458 8.01945 7.54079 6.28703 4.88853 4.70312 6.31186 7.87899 8.82 6.1598 6.47115 5.99458 4.10652 3.54011 3.15906 3.82838 6.0662 8.15823 8.25843 8.26945 8.57252 9.30612 9.28564 7.46922 6.14645 5.49855 5.60085 5.98264 5.35716 5.75872 6.78945 6.57528 6.78772 7.76766 7.34623 7.4602 6.64331 6.31135 5.17127 4.16014 4.36717
1.78644 2.09153 1.76704 1.17746 1.80417 2.04695 2.14941 2.57499 2.07231 2.0665 2.17027 2.2879 2.03311 1.79111 1.79422 1.95002 2.08817 2.08037 2.39201 2.14137 2.32051 1.93593 2.30889 2.35056 2.33807 2.3471 2.4181 2.41098 2.54354 2.58362 2.52479 4.24104 5.99922 7.68584 7.83047 7.02198 6.31131 6.02087 5.73407 6.73377 7.95984 6.15921 6.13449 4.71104 3.92015 3.69601 3.3399 3.7644 5.78809 7.5254 7.54072 7.59759 9.35813 9.45265 9.01107 7.53739 7.1913 6.31515 6.06719 6.01566 5.35927 5.17596 5.85039 6.48558 6.42501 6.95519 6.10747 7.19677 6.98462 6.21594 5.39912 5.13069 5.40308
1.66308 2.13432 2.59525 1.55962 1.43135 2.28013 2.48498 2.44928 2.15663 2.14212 1.95774 2.27895 2.14645 2.06004 1.92061 1.94472 2.03642 1.88301 2.07593 2.13767 2.34103 2.19467 2.40859 1.81072 2.03829 2.30425 2.23627 2.47705 2.7127 2.97038 3.29124 4.68362 4.54867 5.9708 7.00473 6.82873 6.78266 6.4849 6.1845 6.72358 8.09334 6.19871 5.17334 3.95491 4.24679 4.13182 3.66496 3.95653 5.85976 7.73582 7.33873 8.0562 9.48154 8.82086 7.34538 6.24165 6.83435 6.45482 6.6921 6.07154 5.93127 5.9958 6.15652 6.14401 6.1857 6.70939 6.40713 7.11543 6.82858 6.13472 5.50913 5.33063 5.11304
1.39451 1.62727 2.43699 1.40404 1.26113 2.27457 2.52024 2.09469 2.19309 2.37489 2.07605 2.10187 2.04165 1.98638 2.00959 1.98313 2.13544 2.00414 1.88163 1.90547 2.13878 2.17159 2.38819 2.28909 2.18768 2.35686 2.52329 2.62558 2.40654 2.65356 2.8984 3.43535 3.50739 3.97564 4.32584 5.62724 6.46087 6.43562 5.24108 5.28132 6.07657 5.47442 4.60847 3.89203 4.10448 4.67576 4.6354 4.79011 5.64081 6.87905 7.27436 8.01973 8.738 8.51007 6.16501 5.95966 5.60585 5.4393 6.31881 5.92658 6.10593 5.90927 5.93511 5.59884 5.58328 6.12445 6.14871 6.68023 6.67084 5.97038 5.11438 4.78709 4.7917
2.2613 2.18402 2.6131 1.93747 1.61012 1.89831 2.10391 1.70799 2.02284 2.0831 1.95402 1.94271 1.99142 1.9185 1.9464 1.96872 1.99457 2.11022 1.94626 1.98556 2.12897 2.12386 2.2585 2.04211 2.12615 2.23119 2.72422 2.75955 2.60159 2.63601 2.85718 3.02041 3.08254 3.18313 3.81041 4.68259 5.20736 5.31015 5.08376 5.2834 5.63829 5.08098 4.15594 3.25654 3.34411 3.94518 3.94527 4.69227 4.82159 5.38891 6.47623 7.3531 7.47156 9.14944 6.52399 5.39296 4.61313 5.15418 5.22999 5.02488 5.55461 5.39458 5.82761 5.66382 5.77296 6.12513 5.96964 6.45301 6.88523 6.42624 5.78979 4.50329 4.41188
1.90287 1.78681 2.16227 2.04413 1.77893 2.22695 2.37632 1.86927 1.89805 2.21839 1.76137 1.82637 2.03214 2.01067 2.13052 2.05299 2.02234 1.99147 1.86826 1.97561 2.05265 1.87613 1.91555 1.91688 2.21176 2.11375 2.26379 2.47409 2.45841 2.57971 2.72535 2.74141 2.59587 2.39584 3.07599 3.76754 4.13297 3.56945 3.63356 4.14168 4.03917 3.93354 3.80789 3.20286 3.46833 3.87269 3.69256 3.67172 3.58385 3.96588 4.99326 6.63246 7.27312 7.78637 6.31154 5.2187 4.82476 5.93142 5.53035 5.51834 5.74526 5.28093 5.2747 5.47934 5.78332 5.75782 5.87715 7.09302 6.95006 6.60002 6.17808 4.78431 3.96827
1.89755 1.98569 2.00874 1.95015 1.97022 2.78033 3.08978 2.41997 1.57551 1.72062 1.74949 1.74462 1.82758 1.82133 2.19672 1.84909 1.8337 1.92239 1.94322 2.15003 2.24176 1.98789 2.00548 1.83266 2.26574 2.2402 1.89322 2.20091 2.43005 2.50632 2.49397 2.51797 2.42244 2.25098 2.37514 2.94926 3.38227 3.52128 2.84652 3.34599 3.59724 3.13019 3.53799 3.51235 3.75661 4.00442 3.88629 3.16045 3.19044 3.01849 3.5703 5.71823 6.56959 6.61615 5.48845 4.80678 4.35386 5.52875 5.50149 5.5924 5.02812 5.07897 4.67814 5.08378 5.41377 5.47726 6.26862 6.349 6.18999 6.18347 6.06395 4.88316 3.72226
1.91929 2.33432 2.13327 1.87881 2.24279 2.52118 2.1479 1.81732 1.3782 1.45371 1.7106 1.78656 1.86433 1.54297 1.85229 1.96791 1.90251 1.97662 1.99485 2.31764 2.36283 2.19301 2.30318 1.95171 2.10996 2.54251 2.29838 2.27002 2.60497 2.60666 2.62362 2.61547 2.66283 2.64398 2.43979 2.69394 2.95921 3.04834 2.70853 2.81966 2.75885 2.49479 2.57022 2.48238 2.70318 3.1291 3.08145 2.93024 2.95931 3.13424 4.09392 6.27669 6.94277 6.57135 5.22917 4.77048 4.76567 5.7665 5.16778 5.15854 5.31395 4.91718 4.83184 4.50466 5.0284 5.09871 5.60608 5.77407 5.70105 5.78507 5.87545 5.19721 4.12124
1.94177 2.18888 2.2307 2.10317 2.3756 2.35158 1.72605 1.55819 1.34751 1.60976 1.92497 2.14982 2.85102 2.83941 2.11038 2.20611 2.09221 2.16223 2.0912 2.4143 2.32872 1.97562 2.22216 1.93991 2.3172 2.59797 2.52045 2.26466 2.22307 2.37591 2.47233 2.7165 2.66761 2.41274 2.33403 2.43926 2.46145 2.72583 2.59368 2.54819 2.49235 2.25144 2.34994 2.04187 1.65183 1.87154 2.51832 2.62515 2.2979 2.58834 3.41375 4.72557 6.17911 6.79427 6.37334 5.55978 4.91155 5.72564 4.83346 4.44156 4.97323 5.55083 5.75317 4.84237 4.45289 4.7205 5.61247 5.59062 5.46562 5.56896 5.7435 5.72316 4.59329
