pygmi/test/u.asc
ncols 			232
nrows 			481
xllcorner 			-20187.5000000001
yllcorner 			-2823315.0
cellsize 			125.0
nodata_value 		1e+20
[rows 64 to 95 of 481, columns 146 to 218 of 232]
2.68538 2.98716 3.12771 2.21169 2.06692 2.60231 1.69772 2.21387 2.26745 2.79631 3.4019 2.91774 2.24648 1.68421 2.3586 2.54251 2.68627 2.21732 2.34611 2.58596 3.20604 3.04439 2.53291 2.47786 2.89323 2.41905 2.67767 3.08428 2.08583 2.08151 3.09563 2.07553 2.24753 2.23856 2.01931 0.993489 1.22036 2.2251 1.97209 1.34889 2.51804 1.67777 1.62198 1.91892 2.11425 3.02835 3.19538 2.68395 1.95066 3.04 4.38129 4.68845 5.86489 5.62602 3.49416 3.25576 2.20149 2.04113 1.97384 1.91803 2.17706 2.20955 1.80846 1.56326 1.94434 1.41384 1.52677 2.32406 2.24784 1.77836 2.65876 2.07521 1.39069
2.94249 2.97171 3.03187 3.10376 3.02438 2.6072 2.11103 2.67339 2.60273 2.59082 2.86946 2.66209 2.33507 2.67843 2.87123 2.64553 2.57859 2.29651 1.9845 2.28926 2.48088 2.68785 2.18988 2.15186 2.58015 2.19204 2.3858 2.60548 3.08165 2.40707 2.52433 2.19864 2.23376 2.46972 2.8011 1.03404 1.37127 2.26824 3.02276 2.60656 2.4307 1.10067 1.83409 2.72179 2.21156 3.0947 3.4357 3.07908 2.11702 2.35715 3.80371 4.63596 4.53159 5.04022 3.26075 2.23089 2.12232 2.46568 2.66142 2.18605 2.28694 1.7697 1.77068 1.87032 2.13784 1.27918 2.42951 3.2684 3.73489 2.29658 2.89146 2.71969 2.77552
2.76483 2.56981 2.42864 3.32633 2.67849 2.25595 2.016 2.8726 3.69113 2.59369 2.46639 2.30162 2.14636 3.11239 2.80604 2.38943 2.19616 2.78825 1.94182 2.84271 3.14737 3.49235 3.81025 2.65184 2.81973 2.19227 2.02145 1.66227 3.08989 2.57804 2.20766 2.47997 2.87669 2.14958 2.28667 1.79647 2.12069 2.41025 3.08933 2.93674 2.09162 1.98307 2.42561 2.86391 2.67298 2.30098 2.02883 2.01521 2.21874 3.16219 4.42884 4.95 3.55953 3.43652 2.98966 2.97911 3.013 3.3767 2.4224 1.85566 1.99709 2.01204 1.65607 2.13581 2.75831 2.13017 2.27092 3.1159 3.55827 2.83364 3.19375 2.97372 2.93215
2.74095 2.20048 1.65654 2.26129 2.89629 2.3123 1.90985 1.96963 2.98812 3.63901 3.21384 2.71688 2.56159 2.91072 2.45525 2.34145 2.06474 3.3795 2.93126 3.40174 3.19041 3.28409 3.84779 2.76816 2.6465 2.27353 2.44639 2.16347 2.93518 2.50386 2.30901 2.66473 3.83836 1.84809 2.52521 2.52938 3.01192 2.64639 2.81595 2.27512 2.43846 3.01461 2.69458 2.55366 3.19189 2.41408 2.2466 1.75629 2.72477 4.02799 5.24076 5.57942 4.12029 3.20711 3.90369 3.57629 3.02072 2.55363 2.5292 1.72161 2.29594 1.62692 1.06255 1.83455 2.73455 2.56128 2.24442 2.58819 3.16747 2.23338 1.7298 2.77444 3.83453
2.71642 2.04071 1.94062 1.62656 2.99568 3.02255 2.20034 1.4646 2.31666 1.89225 2.26203 3.13658 2.78207 2.4386 2.62285 2.73847 1.71958 2.23355 2.5764 3.0508 2.39925 1.68931 3.48144 3.12534 2.72403 1.99243 2.2977 2.40952 2.50925 2.39893 2.20997 2.11866 2.77647 1.71426 1.85717 2.31646 1.98148 2.26602 1.90281 2.12177 2.8311 2.768 2.71007 2.21767 2.79894 2.29755 2.39956 2.57584 3.23748 4.40049 5.3345 4.36887 4.51412 3.93485 4.41395 3.64353 2.71286 2.44914 2.74153 2.28335 2.83409 2.52657 1.92826 1.80314 2.38296 2.65302 2.66372 3.57002 3.41474 3.14436 2.83391 2.91764 3.03281
2.68005 2.29676 3.32631 2.65254 2.44909 3.52141 2.61635 2.42185 3.61211 2.90966 2.39356 2.7255 3.03747 2.87803 2.92949 3.05132 3.12873 1.96738 2.51445 2.57475 2.15944 1.42507 2.30672 2.80916 2.9842 3.14188 2.44135 2.09492 2.33028 2.33206 1.93756 2.71759 2.84972 2.40876 2.65145 3.15082 2.09649 2.46703 1.13461 2.16414 2.10133 1.94574 2.65603 3.0874 3.35654 2.72088 2.87956 3.26272 2.97387 3.28733 6.00973 5.26889 5.2328 3.86446 3.28615 2.79366 2.13655 2.67458 2.92622 2.16425 2.21476 2.11293 2.40074 1.58566 1.60985 2.39584 2.22507 2.74154 2.77919 3.27012 3.20051 3.19524 3.33174
2.03734 2.44249 3.33503 3.32375 2.82314 3.25481 2.97432 2.76021 3.24257 3.4139 2.60025 3.13768 3.10263 2.36013 2.32797 2.81567 3.75698 2.46948 2.60528 2.83391 2.14853 1.29904 2.22353 2.21662 1.7102 1.60687 1.83912 1.24522 1.49386 1.77914 1.79384 3.66425 2.64553 2.32442 2.90975 3.29855 3.02483 3.00374 1.70156 2.11851 3.04992 3.0353 3.05257 3.20032 3.334 3.22295 3.12456 3.4853 4.56581 3.09727 5.54549 5.76796 5.05109 4.69816 4.54441 3.05432 2.45047 2.8739 3.8381 3.51419 3.59712 1.88369 2.52562 2.84606 1.25721 1.85578 1.86453 2.18225 2.06107 2.17908 2.82166 3.02932 2.95079
2.46847 2.41924 2.89276 2.77448 2.68048 2.92098 2.91355 2.68589 2.39434 3.22797 2.80249 3.71477 3.18916 3.12523 2.29889 3.25667 3.3822 1.99461 2.36221 2.5185 2.43381 1.96685 1.86973 2.05023 1.84347 2.30438 2.74715 2.05727 2.3872 2.37335 2.38169 3.02451 2.64484 2.29786 2.45079 2.7161 2.05045 1.98455 1.52748 2.15678 2.24302 3.30932 2.69567 2.71882 2.89939 3.19722 2.69367 2.11135 3.14195 3.03692 5.64534 5.54904 5.67717 5.27779 4.96255 3.84937 2.96276 3.11254 3.78642 3.35163 2.91078 2.72459 2.77412 3.31042 3.12754 3.02213 2.88695 3.01638 2.16906 2.17993 2.6306 3.21869 3.38571
1.84296 2.35018 2.53862 2.09421 2.11961 2.40611 2.85118 3.05886 2.3807 2.35317 1.35625 2.41789 2.07917 2.90221 2.29832 3.09285 3.58532 3.07811 2.80815 2.38021 2.77237 3.20871 1.73475 1.82223 1.92836 2.88335 2.85983 2.70409 2.95996 2.78604 2.55662 2.39825 2.61704 2.83752 2.50486 2.35181 1.6717 1.95972 2.66328 2.93446 2.40891 3.36545 3.5008 2.67909 2.48329 2.68378 2.84435 2.57384 2.76377 1.75553 4.30117 5.34188 4.23619 3.8658 3.30796 3.73269 3.05731 2.75736 3.52414 2.82886 3.04669 2.84518 2.63557 2.82052 4.18093 3.29524 2.7592 4.03503 2.86478 2.01388 2.31033 2.68001 2.67398
2.16598 1.71094 2.52289 2.28386 1.97676 2.28444 2.79432 3.93347 2.43517 1.80501 1.69059 2.68314 2.34629 2.6184 1.73552 2.72408 2.83142 3.37851 2.37464 2.57416 2.57754 3.17028 2.53396 2.33764 2.3099 2.6115 2.45955 2.95404 3.07585 2.67246 1.85889 2.00015 2.43631 2.57819 2.80595 2.6322 1.78766 2.26533 2.456 2.57872 2.64802 3.37689 3.34441 2.78301 2.44829 2.70125 3.22607 3.44618 4.06927 3.08699 4.70736 6.39122 5.17782 4.6141 5.3936 3.4984 2.99156 2.33978 2.13172 1.35153 2.12745 2.24636 1.61109 2.37433 2.75198 2.39327 2.29176 3.0979 2.98417 2.65434 3.27877 3.52887 1.66897
2.44748 0.782497 2.61761 1.64913 1.53272 2.15765 2.91686 5.35902 3.54949 2.0793 1.85756 2.01841 2.06765 3.22784 2.61323 2.62545 2.55705 3.25361 2.60468 1.99182 2.28692 2.65688 2.76539 2.42744 2.37608 2.77309 2.61208 3.12163 3.0091 2.68494 2.35282 2.50464 2.71901 2.70077 3.20916 2.9004 2.11138 2.88763 2.17403 2.05952 2.51692 3.09441 3.33485 3.24538 3.54863 2.7718 3.41586 3.51875 3.84035 3.25608 5.21504 6.53514 5.56364 4.74484 4.58705 1.86326 2.93912 2.80024 2.32868 2.53122 2.80602 2.93877 2.28474 1.91536 1.59443 2.33749 2.45895 2.47499 2.80363 2.90212 3.85103 4.18828 2.99641
3.09487 2.04352 1.90938 1.13497 1.45904 2.02763 3.23182 4.56638 3.52643 2.56534 2.11854 1.6723 1.74823 2.74599 3.335 2.4339 2.62038 3.50506 2.94458 2.25759 2.48097 2.7588 2.32846 2.1182 1.99175 2.31621 2.65998 2.21836 2.24633 2.76739 3.42652 2.72527 2.42197 2.85888 2.87047 3.10095 2.73099 3.08491 2.44415 2.70386 3.01273 3.04295 3.33458 3.51873 3.78359 2.07628 2.52232 2.77278 3.60347 3.79402 4.81733 6.67481 5.76261 4.4367 4.61085 3.54519 3.37553 3.31908 2.92296 3.00683 3.08649 3.0135 2.46122 1.94236 1.5761 2.6436 2.99994 2.52632 2.94787 2.29992 2.86952 3.09481 3.23211
2.74488 2.99375 2.65316 1.79801 1.9222 1.77751 2.23478 3.70193 3.59237 2.97791 2.81891 2.41842 2.04469 2.10654 3.07236 2.98439 2.34309 2.43757 2.38131 1.94492 2.13644 2.56758 1.82741 2.43733 2.69713 2.07538 2.53993 2.07872 1.67029 2.38478 2.58921 2.17426 2.24206 2.36735 1.82263 2.18229 2.55881 3.28441 2.29346 2.50558 3.25027 2.84463 2.68467 3.04251 3.24949 2.82739 2.90842 3.37826 3.07242 3.8928 4.35102 6.25661 5.88664 4.66412 4.15216 2.96538 2.77203 2.9803 2.76505 2.45757 2.66116 2.85997 2.57071 2.30814 1.25714 1.96941 2.03489 1.42877 2.0706 2.06589 2.39535 2.8668 3.10387
3.17414 3.2092 2.52577 0.840158 2.11276 2.42529 1.71437 2.25809 2.81696 3.10363 3.01015 3.06293 2.54463 2.13802 1.84162 3.5064 2.63806 2.6272 2.49306 2.08939 2.48755 2.43469 2.05029 2.31785 2.45468 2.29658 2.55881 2.51499 2.49033 2.39895 1.84981 2.46876 2.51774 2.79536 2.29081 2.16363 2.31392 3.10148 2.43685 1.88131 2.41467 2.24805 2.19584 3.3522 3.42809 3.72294 3.31541 2.98369 2.6942 3.12237 4.00052 5.76609 6.25664 6.72578 5.20544 4.0881 3.45427 3.02981 2.65091 2.4649 2.22247 2.43924 2.47184 3.43215 2.44353 2.05485 1.94093 1.85008 2.24999 2.32905 2.60801 2.59785 2.19894
2.66525 2.69599 2.11069 1.93854 3.0017 2.1969 1.65084 1.49724 2.68127 3.14398 2.89374 3.24952 3.61611 3.23882 2.82196 3.02768 2.27642 3.42367 2.97336 2.22446 2.95103 2.52896 2.08584 1.81575 2.20205 2.31054 2.56696 2.62154 3.29556 2.69388 2.29211 2.51624 3.11724 3.30542 2.76521 2.05755 2.28487 2.58856 2.48762 2.09674 2.25201 2.57235 3.03484 4.46928 3.80128 3.65733 3.27052 2.74481 2.66737 2.74359 4.52859 5.38903 5.85238 7.30439 5.36497 3.70541 3.36029 3.6916 2.79298 2.09642 2.02994 2.04295 1.58772 2.40409 2.65604 2.40465 2.44049 2.40098 2.54861 2.68064 3.05541 2.74945 1.86673
2.15997 2.80418 2.72194 2.49261 2.45512 1.15022 1.79492 1.88018 2.5553 3.6043 3.89148 3.45042 4.062 2.82388 3.07256 3.04414 2.55509 3.36256 3.23936 2.58738 2.40214 2.20684 2.08374 2.15664 2.34193 2.13235 1.92983 1.72927 2.74617 3.23315 2.60033 1.54384 1.65128 3.09937 2.94169 3.28964 3.06062 3.28174 2.65457 2.37905 2.58383 2.58151 2.73789 3.43774 3.13968 3.08699 2.67944 2.2079 2.86033 2.28877 2.88092 4.70199 6.4457 7.63172 5.43665 4.24154 2.46707 4.17896 2.35757 2.34151 2.18386 1.90185 2.27188 1.90122 2.23801 2.3959 2.66479 2.06305 2.41805 2.53129 2.76537 2.58597 2.11892
2.09322 3.12081 2.69025 2.16771 2.35306 0.804056 0.929014 1.13223 1.95269 3.15677 3.04426 2.24655 2.10252 1.63978 2.52737 2.5223 2.71604 2.56524 2.92747 2.69609 2.44562 2.1302 1.99726 1.96511 2.27176 2.12721 2.3099 1.73008 2.29774 2.76979 3.08667 2.53429 2.29591 2.56229 2.15496 2.78165 2.98043 3.134 3.11977 2.30822 2.20649 2.39746 2.93079 3.0572 3.27008 3.16175 2.92705 1.97283 3.29355 2.5766 2.46087 3.54825 6.07857 8.82335 7.15534 6.33976 3.12463 2.89377 2.11975 2.34629 2.27916 2.51739 2.6856 2.59536 2.51862 2.22647 2.55261 2.15456 2.29754 2.67507 2.90445 3.33655 2.98185
1.85452 3.02313 2.8363 1.41589 2.24396 1.78068 1.02725 1.41789 2.22195 3.40134 2.96552 2.14025 1.30213 2.01046 2.23058 1.82342 2.69197 3.12982 3.08405 2.55766 2.48014 2.18683 2.19773 2.09026 2.56933 2.46984 2.87845 1.83509 2.84583 3.23293 3.70931 2.90349 3.35528 2.71867 1.98258 2.55638 3.00975 3.34391 3.20551 1.93073 2.14674 2.36225 3.57836 3.44939 3.75786 3.30479 3.40176 3.93347 5.11019 2.92322 2.33483 2.76719 6.19161 7.34193 5.83732 5.08483 3.18987 2.12493 2.1422 2.13397 2.1223 2.99388 2.84011 2.81313 1.91532 2.06115 2.52932 1.58854 2.52438 2.91827 2.66078 2.74043 2.87247
2.60598 3.03194 4.24286 2.40832 1.92877 1.82357 0.938882 0.974654 1.61497 3.13911 4.02593 2.51545 2.0073 2.41468 1.55596 2.00452 2.4907 2.22129 2.98329 2.433 1.47471 1.98024 2.44771 2.1691 2.33509 2.5051 3.15635 2.18992 2.05145 2.25696 2.45105 1.51781 2.97392 2.64761 1.44906 2.68495 3.62337 3.66628 3.1406 2.13306 2.52553 3.09088 3.29139 2.97143 3.92156 2.92738 2.78963 4.155 3.92142 2.72146 3.55291 4.60459 6.02026 4.77078 5.16709 4.33952 3.4068 2.3139 2.49744 2.33096 2.4327 1.91173 1.89197 2.17365 1.90095 1.939 2.20251 1.45337 2.90807 2.41658 1.72368 2.97407 3.07156
3.50598 2.71129 2.61381 1.67226 0.957625 0.829279 0.356449 0.969534 1.72602 2.29682 2.89261 2.72436 2.51631 2.70283 1.84097 2.51584 2.27006 2.17896 3.4617 1.99093 2.46552 2.43022 2.32604 1.5162 1.93548 2.35293 2.95375 2.09838 1.67878 2.12088 2.58056 2.08785 2.92237 3.26681 2.15561 2.75412 3.81473 2.46925 3.00342 2.87658 2.70837 2.96938 2.93796 3.52663 3.60995 2.47927 3.45121 3.69073 2.53847 1.92002 3.00147 5.82441 6.81675 5.34602 5.31202 4.46498 3.90138 2.86026 2.63096 2.83691 3.41337 1.88942 1.81618 2.18258 2.38248 2.39735 2.82109 2.08092 2.14361 1.98237 2.36211 3.02735 3.0445
2.51568 2.22442 3.48156 2.22993 0.408687 0.799834 0.263465 0.419468 1.66634 2.01979 2.69406 2.93538 2.80197 2.34728 1.33593 1.62112 2.07873 2.89033 3.16514 2.38426 2.84432 2.35169 1.93964 1.99205 1.96539 2.17988 3.14817 2.16464 1.95524 2.36289 2.71174 2.31325 2.61206 2.99159 2.29612 2.01276 2.86628 3.13388 3.67938 3.07017 2.49119 2.94546 2.99539 3.32747 4.25114 3.03132 3.59528 3.88961 3.28349 2.39031 2.03103 5.61355 5.87724 5.19518 5.88777 5.23204 4.7535 2.89114 2.23155 2.4179 3.19671 2.51096 2.22156 2.49054 2.03626 1.94453 2.33271 1.82081 1.23053 1.20578 1.60447 2.538 2.22932
1.78528 2.84876 4.0403 2.82329 0.303102 0.111853 0.0958896 0.629129 1.31309 1.2788 1.85752 2.09766 2.67386 2.29879 1.56455 1.41008 2.29031 2.43209 2.50034 1.85252 2.65424 2.54845 2.06681 2.04182 2.08211 2.02612 2.41745 1.57386 2.333 2.48621 2.89658 2.19578 2.14274 2.65045 1.34958 1.37998 2.01902 3.00974 3.52195 2.6964 2.02431 2.1882 2.8819 3.65353 3.97504 3.38924 3.06859 3.33178 2.81069 2.41881 4.33552 6.15134 5.52082 5.86946 6.25863 6.67558 5.2929 2.6035 2.04029 2.06753 2.7922 2.49719 2.42557 3.12335 1.81361 1.79365 2.24142 1.59711 1.55114 1.2801 1.72697 2.43424 1.91615
1.92291 3.34298 4.30477 1.90028 0.675335 0.0997453 0.168719 0.492533 1.29039 1.25594 1.12132 0.934475 2.01244 1.94203 2.13304 2.59764 2.05831 1.58606 1.88523 1.44967 2.8086 2.87207 2.66313 2.10812 1.73973 1.9705 2.32103 1.53048 2.23877 2.01557 2.78583 2.34926 1.76292 3.03539 2.54968 1.89784 2.08863 2.01612 3.21798 2.13941 2.73467 1.90338 2.31744 2.46682 3.17812 3.25471 3.23269 3.7664 3.83946 3.97595 7.56701 8.08846 6.89779 7.24858 6.50051 6.44222 5.88958 3.6848 2.77328 1.94479 2.8232 2.36083 1.9584 3.08757 2.39827 1.9525 2.5411 2.43113 2.76659 1.88001 1.56543 2.85134 2.19833
1.75538 2.30695 3.00321 1.72286 0.471864 0.381543 0.429171 0.503982 0.912464 0.974986 1.79022 1.94406 2.99365 2.55201 2.63601 3.10608 2.15133 2.28251 3.33093 1.67458 2.34224 2.22787 1.59134 1.93313 1.48132 1.67976 1.64058 1.37664 1.4654 1.72895 2.20712 2.82468 1.9873 2.55934 3.26934 2.9514 2.54011 2.14319 2.4391 2.43105 2.94271 3.24348 3.16096 2.98102 2.53606 2.44953 3.94354 3.99389 4.23202 4.86405 7.16976 8.94253 6.71608 7.09559 6.04237 6.78263 5.01868 3.63565 3.19459 2.01372 1.37852 2.51271 2.3961 2.35425 2.61656 1.91466 1.82891 3.01096 3.04704 2.57268 1.19252 1.99589 1.94106
2.47856 2.98785 2.61392 1.58377 0.817853 1.08185 0.412539 0.493773 1.08334 1.79302 1.52474 1.50855 1.65172 1.75946 2.12213 2.5943 2.70933 2.31626 3.03475 2.61853 2.52888 1.62942 1.84669 2.74819 1.67064 1.49521 1.2973 1.77404 1.58039 2.00082 2.48887 2.90839 1.87821 3.1358 3.53445 3.43072 2.36924 2.37907 2.11879 3.1721 3.49034 4.58073 3.76288 3.65531 2.89834 3.85284 3.94351 3.9217 4.98756 5.71037 5.31647 6.70988 7.6969 8.02529 5.81263 3.95119 2.55735 2.85608 2.40609 2.19173 1.50494 2.6663 3.1527 3.14761 2.89317 2.70518 1.81348 2.18865 1.69812 1.99898 1.69471 2.20605 2.70567
3.64121 2.25612 1.96799 1.41356 1.12025 2.19096 1.70268 0.875357 1.19773 2.23426 1.04255 1.24879 2.2717 1.53816 1.96218 2.0344 3.40755 2.54397 1.90829 2.70331 2.44067 2.47398 2.05946 2.29232 1.93445 1.83824 1.74366 1.87547 1.30859 1.48757 1.35496 3.0558 1.92593 2.37332 2.93809 3.2894 2.80294 2.93484 2.53485 2.98289 2.55278 3.46095 3.40809 3.43629 3.53705 5.15418 4.27879 5.00502 5.38764 6.28767 5.86563 6.03852 8.17492 6.82532 6.12221 2.3634 2.49696 2.72012 1.57047 2.1726 2.76692 3.19537 2.97453 2.18536 2.08219 2.24382 2.11416 2.51708 2.6032 3.11789 2.32824 2.30554 2.12292
2.46811 1.7471 1.73633 1.45618 2.06867 3.53231 2.14072 1.1117 0.440049 1.86076 1.71546 1.11243 2.55406 1.96106 2.68767 2.33504 2.65665 2.20562 1.67402 1.87834 1.38912 2.24615 1.99715 1.58413 1.06283 1.69558 1.79107 1.63965 1.74054 2.19187 2.20374 2.31252 1.82551 2.02292 3.20674 3.00739 1.57159 2.21295 3.15774 3.31892 3.34511 2.61672 1.72972 2.04422 3.03693 5.50076 5.31941 6.62562 5.59924 6.80707 6.71827 6.13572 7.36262 6.85046 6.96138 4.19577 4.08278 2.60206 2.11566 2.359 2.42568 2.39841 1.97352 2.17907 1.99452 2.28188 2.83486 2.70443 2.64346 1.7991 1.87965 2.46244 1.9837
1.12443 1.0691 1.47953 1.44091 1.67597 2.00021 1.64422 1.80269 1.51265 1.86455 2.74193 1.48791 1.73537 0.956166 1.96928 1.71747 1.60022 1.32083 1.48615 1.74196 1.21469 1.79954 1.8661 1.55538 1.97662 2.13164 1.45793 1.59434 1.97838 2.28861 1.9533 1.53724 1.93899 1.33703 2.7837 2.64865 2.94209 2.14618 2.49984 2.5601 4.25252 2.21115 1.34529 2.20672 4.67083 6.42946 7.43417 6.80383 5.84515 7.508 6.21852 5.95311 7.00835 6.61552 4.45226 3.30806 3.83889 3.09264 2.84365 2.32229 2.60754 2.16133 1.76787 2.4471 2.09892 2.51823 2.51972 2.29618 2.89189 3.00218 2.20821 2.96345 2.47529
1.43927 1.56727 2.05402 2.51637 1.68463 1.15455 2.10168 2.18505 2.43625 1.96737 1.76054 0.81487 2.0256 2.05793 2.58476 1.52407 1.3875 0.825764 1.4609 1.22887 0.805455 1.86593 1.58604 0.888373 0.319092 1.20389 1.56128 1.72415 2.12714 2.58661 1.35441 1.10378 1.85388 1.19976 1.95925 1.90754 3.99215 3.10998 3.01688 4.12216 4.12035 2.30036 2.55997 3.74375 5.65994 6.43783 6.39758 5.71435 7.29296 7.5147 5.63934 5.75165 6.21148 5.19921 2.78463 2.3 2.74751 2.72724 2.68099 3.09409 3.28026 2.8055 2.767 3.21213 2.80195 2.59391 2.24536 1.9987 2.2687 3.99962 3.60326 3.30399 2.08513
2.07619 1.83872 1.42868 1.68457 1.58852 1.85487 1.70011 1.63989 2.18194 1.7877 1.33771 0.943823 1.43305 2.38532 2.97783 2.16456 2.34763 1.95164 1.45181 1.16133 1.36353 1.62878 1.3135 0.652713 1.19779 1.27643 1.40746 1.49977 1.69981 1.85355 2.53067 1.1684 1.87113 2.42553 2.59897 2.08292 3.17361 2.7217 2.38226 3.83488 3.85755 2.50546 2.90517 4.27237 4.23585 4.31389 5.3938 6.26345 7.57827 8.1011 6.84532 6.34778 5.84413 3.81148 3.01756 2.3598 2.8371 2.52646 2.06518 2.59648 3.06122 2.74738 2.50307 2.79832 2.97835 2.85326 2.70261 1.94989 2.21456 2.92077 3.70829 3.1747 2.91696
2.03412 1.68391 1.22315 1.33227 1.63976 1.72988 1.92834 1.97976 2.28601 2.87252 1.37353 0.800367 1.562 2.18757 3.37503 2.19011 1.67426 1.16212 0.979497 1.19578 1.16513 1.494 1.73739 0.9432 1.59111 1.6177 1.20802 1.42224 2.01969 1.88059 3.30716 2.05364 2.20514 2.49326 2.64026 2.72814 3.09759 3.04711 2.71497 3.92136 3.41858 3.59707 3.81607 5.87327 6.20488 4.61609 5.98518 5.7532 6.77608 6.99924 5.63249 5.91704 4.79384 2.64339 3.99038 2.82631 3.33893 2.99439 2.91287 2.74059 3.27853 3.15007 2.7499 2.39131 2.64221 3.16941 3.57638 2.31096 2.55596 2.7977 3.44466 2.6957 2.60716
2.03876 1.65313 1.24118 1.48018 1.994 1.50654 1.64573 2.04355 1.91383 1.83987 0.932737 2.00123 2.09093 1.24131 2.60664 2.57326 1.56743 1.74052 1.71509 2.18746 2.45952 2.29641 2.80251 1.4027 2.02826 2.13075 1.41143 1.64394 2.91903 1.88466 2.16205 1.47117 2.09157 2.42068 2.27435 2.16461 2.73036 3.26539 2.48902 2.95511 2.39223 4.90743 6.98524 8.1919 6.82016 6.50038 8.37553 6.26451 6.40948 6.37256 4.62391 5.69633 5.08394 3.49922 3.49565 1.97411 3.35559 3.39809 3.11156 2.63326 3.4943 3.23678 2.23398 2.49435 2.31945 2.93244 3.11498 2.22152 2.84868 2.82144 2.76516 2.14423 2.37167
